3 0.8477272727272728 0.8988636363636363 0.10454545454545454 0.20227272727272727
3 0.6916666666666667 0.8181818181818182 0.06515151515151515 0.15227272727272728
3 0.22045454545454546 0.7386363636363636 0.03636363636363636 0.1159090909090909
3 0.40984848484848485 0.6909090909090909 0.02878787878787879 0.07954545454545454
2 0.10833333333333334 0.7090909090909091 0.1696969696969697 0.20227272727272727
2 0.31136363636363634 0.7159090909090909 0.14545454545454545 0.16136363636363638
2 0.49166666666666664 0.6920454545454545 0.14242424242424243 0.12954545454545455
1 0.6106060606060606 0.5681818181818182 0.19393939393939394 0.275
2 0.7674242424242425 0.6454545454545455 0.09090909090909091 0.09772727272727273
2 0.8856060606060606 0.6647727272727273 0.09393939393939393 0.12954545454545455
2 0.9833333333333333 0.6170454545454546 0.03333333333333333 0.08181818181818182