3 0.22265625 0.1046875 0.0359375 0.0625
3 0.8890625 0.31015625 0.059375 0.1109375
3 0.62109375 0.08125 0.0359375 0.059375
3 0.115625 0.321875 0.059375 0.1
3 0.35234375 0.0484375 0.0296875 0.053125
3 0.378125 0.18046875 0.040625 0.0765625
3 0.22578125 0.44140625 0.0734375 0.1328125
3 0.03046875 0.31875 0.0609375 0.096875
3 0.3125 0.309375 0.0625 0.10625
3 0.725 0.190625 0.04375 0.0796875
3 0.215625 0.28203125 0.05 0.0828125
3 0.75234375 0.37890625 0.0671875 0.1171875
3 0.84609375 0.16484375 0.0453125 0.0640625
3 0.1609375 0.2625 0.046875 0.084375
3 0.76015625 0.14921875 0.0296875 0.0671875
3 0.79296875 0.32265625 0.0578125 0.1140625