4 0.14375 0.7281021897810219 0.16875 0.3284671532846715
4 0.6 0.45985401459854014 0.0625 0.16423357664233576
2 0.3572916666666667 0.5273722627737226 0.04583333333333333 0.06569343065693431
3 0.22083333333333333 0.5346715328467153 0.016666666666666666 0.032846715328467155
3 0.25625 0.541970802919708 0.01875 0.043795620437956206
3 0.2708333333333333 0.5054744525547445 0.014583333333333334 0.0364963503649635
3 0.7020833333333333 0.7937956204379562 0.029166666666666667 0.10948905109489052
3 0.6395833333333333 0.656934306569343 0.022916666666666665 0.07664233576642336
3 0.6708333333333333 0.7408759124087592 0.029166666666666667 0.08394160583941605
3 0.7260416666666667 0.7354014598540146 0.022916666666666665 0.08759124087591241
3 0.7552083333333334 0.7408759124087592 0.027083333333333334 0.08759124087591241