3 0.14453125 0.36484375 0.05625 0.0671875
3 0.53671875 0.8875 0.1390625 0.190625
3 0.50625 0.3953125 0.06875 0.08125
3 0.03046875 0.49296875 0.0609375 0.0796875
3 0.128125 0.81328125 0.1078125 0.1796875
3 0.88125 0.6375 0.103125 0.146875
3 0.153125 0.1765625 0.034375 0.05625
3 0.88515625 0.8109375 0.140625 0.1875
3 0.2109375 0.21640625 0.040625 0.0765625
3 0.2515625 0.275 0.04375 0.05625
3 0.7375 0.525 0.0828125 0.121875
3 0.459375 0.32265625 0.05 0.0703125
3 0.35390625 0.3359375 0.0640625 0.08125
3 0.20703125 0.16015625 0.0296875 0.0453125
3 0.21640625 0.725 0.1109375 0.165625
3 0.64296875 0.571875 0.0953125 0.134375
3 0.3109375 0.2453125 0.040625 0.059375
3 0.32265625 0.31015625 0.0421875 0.0703125