3 0.63828125 0.60703125 0.1140625 0.2140625
3 0.92421875 0.09296875 0.0609375 0.1015625
3 0.8046875 0.45078125 0.1 0.1703125
3 0.22890625 0.3828125 0.1109375 0.140625
3 0.74140625 0.19453125 0.0765625 0.1171875
3 0.31796875 0.25234375 0.065625 0.1265625
3 0.38828125 0.496875 0.1015625 0.184375
3 0.66796875 0.08046875 0.0515625 0.0921875
3 0.54140625 0.32890625 0.0953125 0.1328125
3 0.49765625 0.55625 0.1046875 0.196875
3 0.38828125 0.88046875 0.128125 0.23125
3 0.8 0.1140625 0.0578125 0.09375
3 0.24375 0.64140625 0.1375 0.2109375
3 0.7265625 0.08125 0.053125 0.08125