3 0.79765625 0.6984375 0.0921875 0.153125
3 0.40625 0.8265625 0.1 0.1625
3 0.63359375 0.31328125 0.0546875 0.0859375
3 0.6890625 0.5953125 0.075 0.125
3 0.5359375 0.4109375 0.053125 0.096875
3 0.79296875 0.05234375 0.0234375 0.0390625
3 0.615625 0.19765625 0.046875 0.0578125
3 0.8328125 0.28203125 0.05 0.0796875
3 0.92578125 0.37265625 0.0578125 0.0953125
3 0.459375 0.296875 0.05625 0.075
3 0.85 0.50625 0.059375 0.1
3 0.509375 0.25703125 0.0546875 0.065625
3 0.90078125 0.21015625 0.0375 0.0609375
3 0.86171875 0.16953125 0.0359375 0.053125
3 0.9734375 0.159375 0.03125 0.0515625
3 0.8265625 0.14296875 0.028125 0.0484375
3 0.928125 0.184375 0.0296875 0.0609375