3 0.75625 0.21640625 0.040625 0.0703125
3 0.6234375 0.38828125 0.109375 0.0859375
3 0.63046875 0.21328125 0.0421875 0.0671875
3 0.37734375 0.40234375 0.1265625 0.0921875
3 0.4796875 0.25 0.046875 0.075
3 0.525 0.22265625 0.04375 0.0671875
3 0.42421875 0.50625 0.1609375 0.1125
3 0.36875 0.2421875 0.040625 0.05625
3 0.59296875 0.18359375 0.0359375 0.0578125
3 0.103125 0.45859375 0.1625 0.1140625
3 0.17109375 0.390625 0.125 0.0875
3 0.44453125 0.2734375 0.0484375 0.078125
3 0.4984375 0.3578125 0.109375 0.09375
3 0.4984375 0.11015625 0.03125 0.0484375
3 0.571875 0.23671875 0.04375 0.0671875
3 0.2640625 0.575 0.196875 0.1125