3 0.40234375 0.3703125 0.1296875 0.09375
3 0.43046875 0.528125 0.1890625 0.128125
3 0.7953125 0.30234375 0.096875 0.0921875
3 0.084375 0.415625 0.159375 0.10625
3 0.534375 0.125 0.034375 0.05625
3 0.88515625 0.25390625 0.0796875 0.0734375
3 0.3328125 0.20078125 0.053125 0.0671875
3 0.53046875 0.2328125 0.0515625 0.078125
3 0.84296875 0.53984375 0.1828125 0.1015625
3 0.92890625 0.49921875 0.1109375 0.1078125
3 0.68515625 0.28984375 0.0984375 0.0921875
3 0.5671875 0.2109375 0.046875 0.071875
3 0.89765625 0.1984375 0.0578125 0.0578125
3 0.66015625 0.19453125 0.0421875 0.0640625
3 0.45703125 0.20546875 0.0453125 0.0578125
3 0.61171875 0.18828125 0.0453125 0.0703125
3 0.721875 0.18984375 0.040625 0.0671875
3 0.665625 0.1671875 0.04375 0.053125