3 0.7328125 0.60234375 0.05 0.0703125
3 0.89375 0.6390625 0.053125 0.078125
3 0.303125 0.57421875 0.03125 0.0578125
3 0.79609375 0.90390625 0.1796875 0.1234375
3 0.23203125 0.4578125 0.0265625 0.040625
3 0.034375 0.7703125 0.06875 0.090625
3 0.4765625 0.44375 0.021875 0.040625
3 0.434375 0.4125 0.021875 0.0375
3 0.70078125 0.534375 0.0390625 0.0625
3 0.1125 0.65859375 0.084375 0.0796875
3 0.2640625 0.50078125 0.028125 0.0484375
3 0.503125 0.36328125 0.021875 0.0328125
3 0.028125 0.47109375 0.028125 0.0453125
3 0.3640625 0.4609375 0.028125 0.04375
3 0.39453125 0.5421875 0.0296875 0.05625
3 0.15546875 0.603125 0.0515625 0.075