3 0.3953125 0.09453125 0.03125 0.0625
3 0.325 0.35234375 0.053125 0.1078125
3 0.14609375 0.4046875 0.0640625 0.1109375
3 0.1265625 0.3015625 0.053125 0.0984375
3 0.2546875 0.20859375 0.05 0.08125
3 0.0859375 0.15 0.0421875 0.071875
3 0.7125 0.23671875 0.053125 0.0890625
3 0.57578125 0.06171875 0.0328125 0.0578125
3 0.715625 0.0734375 0.034375 0.05625
3 0.6328125 0.2109375 0.040625 0.0828125
3 0.85625 0.58046875 0.08125 0.1484375
3 0.31484375 0.0796875 0.0359375 0.0671875
3 0.61953125 0.14296875 0.0328125 0.0453125
3 0.69765625 0.4296875 0.0609375 0.121875
3 0.20546875 0.140625 0.0390625 0.071875