3 0.09453125 0.8484375 0.0765625 0.1
3 0.71484375 0.73671875 0.0515625 0.0890625
3 0.3453125 0.6875 0.046875 0.075
3 0.534375 0.58046875 0.040625 0.0609375
3 0.46875 0.58671875 0.0375 0.0578125
3 0.8046875 0.7140625 0.04375 0.071875
3 0.7734375 0.6375 0.046875 0.06875
3 0.2140625 0.6921875 0.059375 0.078125
3 0.403125 0.6359375 0.040625 0.071875
3 0.634375 0.5015625 0.025 0.04375
3 0.84921875 0.52109375 0.0296875 0.0484375
3 0.3609375 0.5640625 0.046875 0.053125
3 0.540625 0.52265625 0.03125 0.0421875