3 0.8875 0.2296875 0.0375 0.059375
3 0.68046875 0.58984375 0.0734375 0.1234375
3 0.79453125 0.59609375 0.0671875 0.1140625
3 0.63359375 0.20546875 0.0328125 0.0484375
3 0.0859375 0.46796875 0.0625 0.0859375
3 0.8015625 0.39296875 0.05625 0.0859375
3 0.4453125 0.34140625 0.05625 0.0765625
3 0.33125 0.3828125 0.05625 0.084375
3 0.5296875 0.29765625 0.05 0.0859375
3 0.48984375 0.271875 0.0359375 0.065625
3 0.2203125 0.471875 0.0625 0.09375
3 0.8734375 0.0921875 0.0234375 0.0359375
3 0.953125 0.05078125 0.0171875 0.028125
3 0.91953125 0.05859375 0.0171875 0.0296875
3 0.8875 0.071875 0.0203125 0.028125
3 0.64375 0.12734375 0.028125 0.034375