3 0.1140625 0.2328125 0.03125 0.053125
3 0.8671875 0.21640625 0.03125 0.0546875
3 0.56796875 0.32890625 0.0453125 0.0765625
3 0.94375 0.33359375 0.04375 0.0796875
3 0.49453125 0.5796875 0.0671875 0.13125
3 0.38671875 0.61640625 0.0734375 0.1234375
3 0.46328125 0.0875 0.0203125 0.040625
3 0.8984375 0.83515625 0.096875 0.1546875
3 0.45625 0.2921875 0.040625 0.065625
3 0.240625 0.76796875 0.0875 0.1453125
3 0.76171875 0.18125 0.0265625 0.046875
3 0.39375 0.45859375 0.0625 0.0984375
3 0.32734375 0.1671875 0.0328125 0.046875
3 0.1921875 0.67578125 0.0625 0.1171875
3 0.5265625 0.4109375 0.04375 0.075
3 0.7984375 0.159375 0.025 0.04375
3 0.43671875 0.190625 0.0328125 0.05
3 0.4140625 0.13359375 0.025 0.0484375
3 0.3515625 0.29921875 0.04375 0.0734375
3 0.50859375 0.0921875 0.0203125 0.0375
3 0.0921875 0.5234375 0.053125 0.0875
3 0.46640625 0.2203125 0.0265625 0.05
3 0.37421875 0.18359375 0.0265625 0.0453125
3 0.35546875 0.2390625 0.0328125 0.040625
3 0.38828125 0.1046875 0.0234375 0.0375
3 0.1171875 0.596875 0.075 0.1