4 0.64453125 0.18671875 0.10625 0.134375
4 0.13046875 0.4421875 0.2609375 0.540625
4 0.05078125 0.04453125 0.071875 0.0890625
4 0.625 0.11484375 0.125 0.159375
4 0.3171875 0.11171875 0.11875 0.1828125
4 0.46640625 0.09921875 0.1078125 0.1328125
4 0.3609375 0.03125 0.0609375 0.0625
3 0.74375 0.27265625 0.034375 0.0625
3 0.978125 0.54375 0.04375 0.0734375
3 0.89453125 0.39765625 0.053125 0.090625
3 0.85078125 0.3546875 0.0390625 0.084375
3 0.8109375 0.30390625 0.025 0.0421875
3 0.78125 0.2578125 0.034375 0.065625
3 0.9453125 0.4546875 0.0546875 0.0953125
3 0.7296875 0.196875 0.0359375 0.053125
1 0.4640625 0.29453125 0.171875 0.2671875
2 0.2828125 0.2390625 0.059375 0.0875
2 0.853125 0.5390625 0.215625 0.190625