4 0.19453125 0.38984375 0.1515625 0.2203125
4 0.71328125 0.36875 0.2234375 0.271875
4 0.27734375 0.21171875 0.1171875 0.1640625
4 0.5703125 0.18515625 0.10625 0.1296875
4 0.47109375 0.31328125 0.1671875 0.25625
4 0.09140625 0.62265625 0.1828125 0.3328125
4 0.4484375 0.1609375 0.1125 0.059375
4 0.42109375 0.11015625 0.0703125 0.0640625
3 0.2046875 0.23515625 0.021875 0.0421875
4 0.62890625 0.75625 0.4671875 0.4859375
2 0.2765625 0.33984375 0.034375 0.0859375
4 0.49765625 0.1171875 0.04375 0.046875
4 0.48203125 0.08359375 0.05 0.0609375