0 0.4921875 0.79140625 0.04375 0.078125
0 0.6109375 0.790625 0.03125 0.05625
0 0.8796875 0.6234375 0.0296875 0.04375
0 0.55 0.95078125 0.05625 0.0953125
0 0.228125 0.571875 0.03125 0.040625
0 0.64453125 0.71015625 0.028125 0.059375
0 0.13515625 0.8703125 0.0640625 0.075
0 0.40546875 0.58515625 0.0296875 0.0484375
0 0.25625 0.646875 0.03125 0.05
0 0.75625 0.71484375 0.028125 0.0546875
0 0.1734375 0.6890625 0.040625 0.053125
0 0.40390625 0.75625 0.0421875 0.065625
0 0.3 0.7171875 0.04375 0.065625
0 0.12421875 0.75390625 0.0578125 0.0671875
0 0.346875 0.6875 0.0375 0.059375
0 0.07890625 0.8265625 0.0640625 0.06875
0 0.58828125 0.68515625 0.0484375 0.0484375
0 0.09453125 0.7046875 0.0421875 0.053125
0 0.61953125 0.60078125 0.0234375 0.0453125
0 0.559375 0.59140625 0.021875 0.0390625
0 0.51796875 0.68125 0.0390625 0.059375
0 0.36015625 0.5796875 0.0359375 0.046875
0 0.45234375 0.6296875 0.0421875 0.04375
0 0.4859375 0.65 0.03125 0.05625