4 0.8015625 0.46328125 0.19375 0.2890625
4 0.925 0.71640625 0.146875 0.5640625
4 0.565625 0.16875 0.134375 0.175
4 0.571875 0.5984375 0.346875 0.715625
4 0.6734375 0.28828125 0.1375 0.1421875
4 0.4953125 0.11328125 0.0875 0.1203125
4 0.10703125 0.72265625 0.2140625 0.5265625
4 0.15234375 0.49609375 0.1828125 0.2921875
4 0.265625 0.240625 0.090625 0.128125
4 0.27890625 0.19921875 0.0890625 0.1265625
4 0.4328125 0.203125 0.1109375 0.178125
1 0.196875 0.28984375 0.146875 0.1765625
3 0.0484375 0.40390625 0.046875 0.0765625
2 0.25703125 0.453125 0.0390625 0.11875