4 0.84609375 0.63203125 0.3046875 0.6546875
4 0.103125 0.709375 0.20625 0.5125
4 0.671875 0.30390625 0.134375 0.1765625
4 0.56328125 0.1640625 0.1296875 0.171875
1 0.19453125 0.2796875 0.1546875 0.159375
4 0.49375 0.1109375 0.084375 0.11875
4 0.47578125 0.25390625 0.1953125 0.1671875
4 0.93828125 0.73203125 0.1203125 0.4734375
4 0.26328125 0.23828125 0.0921875 0.1265625
4 0.28828125 0.18125 0.078125 0.1203125
4 0.31484375 0.1390625 0.0546875 0.071875
4 0.7578125 0.4234375 0.13125 0.23125
4 0.428125 0.1375 0.09375 0.090625
4 0.6140625 0.66484375 0.55 0.6671875
4 0.17421875 0.45078125 0.1609375 0.259375
3 0.0734375 0.3234375 0.0375 0.0625
3 0.10546875 0.315625 0.0296875 0.05
3 0.34375 0.11171875 0.0125 0.0203125
2 0.58984375 0.2671875 0.0390625 0.06875
2 0.67890625 0.39921875 0.0453125 0.1234375
2 0.03046875 0.95546875 0.0609375 0.0859375
2 0.26640625 0.41328125 0.040625 0.1078125