4 0.8671875 0.534375 0.2625 0.328125
1 0.4125 0.725 0.4703125 0.546875
4 0.60078125 0.11484375 0.0859375 0.0984375
4 0.75234375 0.29140625 0.25 0.3359375
4 0.31953125 0.1171875 0.109375 0.15
4 0.45546875 0.2828125 0.1921875 0.35625
4 0.465625 0.06875 0.10625 0.0875
4 0.35078125 0.05859375 0.0859375 0.1171875
4 0.19453125 0.32265625 0.2984375 0.4109375
4 0.0375 0.64765625 0.075 0.4453125
2 0.07578125 0.61484375 0.0859375 0.2015625
3 0.5515625 0.08359375 0.01875 0.028125
3 0.5359375 0.0546875 0.015625 0.021875
3 0.55703125 0.04453125 0.015625 0.0234375