4 0.7171875 0.3625 0.259375 0.3125
4 0.121875 0.5578125 0.228125 0.346875
4 0.49921875 0.46640625 0.1859375 0.2953125
4 0.5734375 0.221875 0.128125 0.115625
4 0.1875 0.38046875 0.146875 0.1515625
4 0.5015625 0.11328125 0.0875 0.1140625
4 0.4640625 0.2953125 0.15625 0.20625
4 0.278125 0.19453125 0.090625 0.1078125
4 0.25703125 0.2890625 0.1046875 0.1125
4 0.43984375 0.1765625 0.1171875 0.1453125
3 0.16328125 0.2828125 0.0328125 0.05625
2 0.60859375 0.92109375 0.2828125 0.1546875
3 0.19140625 0.25703125 0.01875 0.0421875
3 0.2078125 0.23828125 0.015625 0.028125
3 0.22109375 0.2046875 0.0171875 0.03125
4 0.2453125 0.140625 0.053125 0.0609375