4 0.446875 0.3828125 0.25 0.503125
4 0.21484375 0.3390625 0.1578125 0.2
4 0.04453125 0.7421875 0.0890625 0.453125
4 0.2921875 0.18203125 0.125 0.1578125
4 0.35546875 0.06484375 0.0921875 0.1296875
4 0.325 0.10859375 0.09375 0.1265625
3 0.70546875 0.21171875 0.0296875 0.0515625
3 0.934375 0.59140625 0.0625 0.1296875
3 0.81015625 0.33828125 0.0453125 0.0734375
3 0.675 0.13203125 0.025 0.034375
1 0.59375 0.0875 0.09375 0.1125
1 0.04296875 0.0578125 0.0859375 0.1125
1 0.46875 0.08984375 0.10625 0.0984375
2 0.48828125 0.82421875 0.2765625 0.2703125
4 0.55 0.040625 0.1015625 0.08125