4 0.1515625 0.5140625 0.303125 0.684375
4 0.4609375 0.2328125 0.16875 0.278125
4 0.684375 0.23984375 0.13125 0.1609375
4 0.34609375 0.05546875 0.0796875 0.1109375
4 0.63984375 0.16015625 0.090625 0.1171875
4 0.53125 0.0265625 0.046875 0.053125
4 0.37109375 0.8828125 0.3859375 0.23125
4 0.46796875 0.071875 0.103125 0.065625
3 0.90625 0.57734375 0.0609375 0.1109375
3 0.8046875 0.29140625 0.034375 0.065625
3 0.91640625 0.43671875 0.0515625 0.0984375
3 0.96640625 0.5140625 0.0640625 0.1109375
3 0.58203125 0.09453125 0.0171875 0.028125
3 0.5515625 0.05859375 0.01875 0.0296875
2 0.7484375 0.403125 0.140625 0.11875
2 0.246875 0.09375 0.059375 0.05