0 0.5921875 0.4515625 0.05 0.103125
0 0.49609375 0.453125 0.0484375 0.1
0 0.39375 0.52109375 0.04375 0.0828125
0 0.47890625 0.2421875 0.0328125 0.071875
0 0.73046875 0.46484375 0.0234375 0.0828125
0 0.76796875 0.5828125 0.0296875 0.090625
0 0.71484375 0.184375 0.0328125 0.065625
0 0.7578125 0.2890625 0.034375 0.075
0 0.66484375 0.125 0.0234375 0.053125
0 0.89765625 0.14609375 0.0265625 0.0515625
0 0.65625 0.29375 0.03125 0.06875
0 0.9171875 0.465625 0.04375 0.09375
0 0.2921875 0.04453125 0.021875 0.0453125
0 0.978125 0.13828125 0.040625 0.0515625
0 0.63515625 0.253125 0.0171875 0.059375
0 0.3953125 0.2484375 0.03125 0.059375
0 0.7921875 0.14375 0.028125 0.05625
0 0.9875 0.24765625 0.021875 0.0703125
0 0.96015625 0.2625 0.0515625 0.075
0 0.73671875 0.12421875 0.0234375 0.0484375
0 0.42578125 0.16875 0.0296875 0.0625
0 0.57265625 0.1078125 0.0421875 0.05
0 0.6203125 0.1890625 0.025 0.05
0 0.73203125 0.45390625 0.0453125 0.1046875
0 0.35546875 0.4296875 0.0296875 0.084375
0 0.540625 0.1046875 0.01875 0.046875