4 0.1171875 0.4390625 0.234375 0.359375
4 0.253125 0.2265625 0.221875 0.315625
4 0.4796875 0.20234375 0.1390625 0.190625
4 0.66875 0.22265625 0.11875 0.1578125
4 0.64296875 0.15234375 0.1171875 0.1546875
4 0.5265625 0.03515625 0.05625 0.0671875
3 0.87890625 0.51796875 0.0609375 0.0890625
3 0.72890625 0.3375 0.0359375 0.05625
3 0.8 0.384375 0.040625 0.059375
3 0.77109375 0.33359375 0.0328125 0.0515625
3 0.90390625 0.41875 0.0390625 0.059375
3 0.85078125 0.43984375 0.0453125 0.0546875
4 0.45 0.653125 0.46875 0.690625
2 0.88671875 0.75390625 0.2234375 0.2546875
2 0.56796875 0.0828125 0.0453125 0.040625