4 0.43359375 0.42578125 0.1734375 0.2765625
4 0.62109375 0.14765625 0.0921875 0.1171875
4 0.46328125 0.18671875 0.1015625 0.1484375
4 0.29765625 0.17734375 0.1453125 0.190625
4 0.3578125 0.04453125 0.065625 0.0890625
3 0.634375 0.2265625 0.03125 0.046875
3 0.78984375 0.4375 0.0515625 0.096875
3 0.90078125 0.54453125 0.0734375 0.1203125
3 0.84921875 0.63515625 0.0796875 0.1453125
3 0.75625 0.29375 0.0359375 0.0671875
3 0.8859375 0.42890625 0.0484375 0.0953125
3 0.7328125 0.1828125 0.028125 0.05
3 0.83828125 0.346875 0.0328125 0.05
3 0.725 0.271875 0.03125 0.05
3 0.70390625 0.2328125 0.03125 0.0625
3 0.80234375 0.34609375 0.04375 0.0734375
3 0.68203125 0.16796875 0.0234375 0.0390625
4 0.459375 0.08125 0.078125 0.065625
4 0.3234375 0.046875 0.084375 0.084375