4 0.11875 0.61484375 0.2375 0.3828125
4 0.50546875 0.54140625 0.2796875 0.4359375
4 0.6484375 0.26875 0.19375 0.2
4 0.45 0.20234375 0.128125 0.2140625
4 0.55546875 0.171875 0.0734375 0.10625
4 0.40859375 0.0875 0.0609375 0.103125
4 0.5 0.1109375 0.065625 0.08125
4 0.46015625 0.06875 0.0484375 0.05625
4 0.23671875 0.3375 0.1296875 0.1703125
4 0.30859375 0.1234375 0.0671875 0.0890625
3 0.2453125 0.1859375 0.021875 0.040625
3 0.14453125 0.33125 0.0359375 0.05625
3 0.215625 0.228125 0.025 0.05
3 0.09296875 0.3890625 0.0328125 0.0625
3 0.2671875 0.125 0.015625 0.028125
3 0.2390625 0.10625 0.0125 0.025