4 0.74921875 0.3453125 0.3078125 0.396875
4 0.55 0.17734375 0.128125 0.1859375
4 0.12734375 0.5875 0.2546875 0.3625
4 0.63515625 0.7734375 0.3609375 0.45
4 0.0671875 0.84375 0.134375 0.309375
4 0.17109375 0.35390625 0.1515625 0.1265625
4 0.4703125 0.31015625 0.184375 0.3421875
4 0.42109375 0.109375 0.0828125 0.075
4 0.471875 0.07421875 0.05 0.0703125
1 0.22421875 0.27109375 0.1421875 0.1703125
2 0.303125 0.23046875 0.034375 0.0546875
2 0.2875 0.17265625 0.05 0.0453125
4 0.325 0.12109375 0.065625 0.0765625
2 0.4875 0.12109375 0.015625 0.0359375
3 0.07265625 0.2875 0.0171875 0.03125
3 0.103125 0.31875 0.028125 0.046875
3 0.21484375 0.17890625 0.0171875 0.0265625