4 0.434375 0.52890625 0.209375 0.3390625
4 0.3234375 0.16328125 0.13125 0.1953125
4 0.1265625 0.64609375 0.253125 0.7046875
4 0.49296875 0.271875 0.1078125 0.159375
4 0.44140625 0.853125 0.3828125 0.290625
4 0.4671875 0.190625 0.115625 0.196875
3 0.7671875 0.52421875 0.059375 0.1171875
3 0.96484375 0.52890625 0.0578125 0.0859375
3 0.93046875 0.60859375 0.0671875 0.1390625
3 0.8640625 0.67890625 0.08125 0.1515625
3 0.64140625 0.13125 0.0234375 0.0328125
1 0.78359375 0.30234375 0.2390625 0.2515625
2 0.453125 0.34140625 0.140625 0.046875
3 0.5828125 0.1078125 0.0203125 0.028125
3 0.91875 0.4046875 0.0296875 0.05625
4 0.45390625 0.0859375 0.0828125 0.14375