4 0.246875 0.27734375 0.2 0.2765625
4 0.32890625 0.14296875 0.1203125 0.1734375
4 0.6078125 0.11171875 0.075 0.0984375
4 0.4921875 0.2703125 0.109375 0.159375
4 0.4578125 0.58203125 0.25 0.2328125
4 0.103125 0.615625 0.20625 0.7125
4 0.46640625 0.1890625 0.115625 0.190625
4 0.43125 0.40078125 0.1875 0.2203125
3 0.8734375 0.45859375 0.059375 0.1015625
3 0.71640625 0.275 0.0359375 0.046875
3 0.93359375 0.434375 0.0546875 0.09375
3 0.68515625 0.23671875 0.0296875 0.0546875
3 0.74296875 0.2453125 0.0265625 0.0375
3 0.7765625 0.28125 0.0359375 0.0625
3 0.62578125 0.19296875 0.0234375 0.0359375
3 0.71328125 0.20703125 0.0234375 0.0296875
3 0.9796875 0.5890625 0.0375 0.121875
3 0.8671875 0.37265625 0.0453125 0.059375
3 0.80390625 0.3453125 0.046875 0.0515625
1 0.5921875 0.06796875 0.078125 0.0921875
4 0.45390625 0.07890625 0.08125 0.1515625
2 0.7515625 0.384375 0.140625 0.1125
4 0.3515625 0.83203125 0.703125 0.3359375
3 0.83984375 0.32109375 0.046875 0.0703125
4 0.3484375 0.04140625 0.0859375 0.05