4 0.121875 0.68359375 0.24375 0.4328125
4 0.6234375 0.24140625 0.18125 0.2203125
4 0.85625 0.6265625 0.284375 0.48125
4 0.2296875 0.32890625 0.1375 0.1921875
4 0.1734375 0.39453125 0.140625 0.1640625
4 0.48984375 0.3609375 0.1703125 0.25
4 0.31328125 0.1484375 0.0609375 0.0875
4 0.528125 0.17578125 0.0640625 0.0890625
4 0.48125 0.0859375 0.059375 0.08125
2 0.70546875 0.39140625 0.1484375 0.1484375
2 0.290625 0.203125 0.065625 0.0625
2 0.28359375 0.2484375 0.0640625 0.075
3 0.2265625 0.21796875 0.028125 0.0359375
3 0.0484375 0.475 0.053125 0.090625
1 0.43203125 0.2 0.109375 0.1546875