4 0.140625 0.38515625 0.28125 0.29375
4 0.40078125 0.63671875 0.5296875 0.7234375
4 0.0796875 0.66953125 0.159375 0.3765625
4 0.23046875 0.24921875 0.1859375 0.221875
4 0.59765625 0.07421875 0.0984375 0.1203125
4 0.2953125 0.15546875 0.1640625 0.240625
2 0.0578125 0.02265625 0.046875 0.0453125
3 0.79140625 0.26484375 0.034375 0.065625
3 0.84140625 0.32265625 0.0484375 0.0703125
1 0.67109375 0.1984375 0.1609375 0.1765625
1 0.47890625 0.221875 0.1890625 0.134375
4 0.46484375 0.075 0.10625 0.071875
4 0.45859375 0.16171875 0.13125 0.1140625