4 0.5796875 0.53046875 0.19375 0.2859375
4 0.83046875 0.52734375 0.3359375 0.6328125
4 0.48046875 0.31796875 0.1609375 0.1953125
4 0.31875 0.7703125 0.321875 0.45625
4 0.27890625 0.25703125 0.0953125 0.1421875
4 0.66171875 0.28828125 0.0859375 0.1515625
4 0.43046875 0.15703125 0.0984375 0.0734375
4 0.475 0.08515625 0.071875 0.1046875
4 0.29453125 0.14375 0.0890625 0.0875
4 0.29140625 0.19296875 0.0859375 0.0890625
2 0.1328125 0.55703125 0.159375 0.2015625
2 0.2609375 0.375 0.1125 0.121875
4 0.60234375 0.95390625 0.5890625 0.0890625
3 0.13046875 0.346875 0.0328125 0.059375
3 0.08984375 0.375 0.0390625 0.0625
3 0.1640625 0.28125 0.028125 0.046875
3 0.04375 0.49765625 0.046875 0.0859375
3 0.0171875 0.4703125 0.03125 0.06875
3 0.21171875 0.2546875 0.0265625 0.04375
3 0.23515625 0.1734375 0.0203125 0.03125
3 0.25078125 0.17421875 0.0171875 0.0328125
3 0.1984375 0.28984375 0.028125 0.0484375