4 0.5828125 0.20078125 0.146875 0.2078125
4 0.85 0.5953125 0.296875 0.5875
4 0.14375 0.51953125 0.246875 0.3703125
4 0.7390625 0.3734375 0.203125 0.25
4 0.45 0.25546875 0.14375 0.2203125
4 0.25703125 0.24375 0.1171875 0.16875
2 0.2640625 0.37890625 0.096875 0.1390625
4 0.65 0.6703125 0.515625 0.525
4 0.98046875 0.72421875 0.0359375 0.4078125
4 0.41953125 0.11328125 0.0796875 0.0671875
4 0.50390625 0.378125 0.2328125 0.1625
4 0.5015625 0.12734375 0.05625 0.0734375
1 0.0546875 0.69921875 0.109375 0.5328125
3 0.1921875 0.246875 0.021875 0.04375