3 0.99140625 0.334375 0.0171875 0.028125
4 0.7546875 0.159375 0.05625 0.0375
4 0.83359375 0.1875 0.0390625 0.0375
2 0.8359375 0.22109375 0.040625 0.0359375
4 0.09765625 0.33515625 0.1953125 0.2453125
4 0.5421875 0.4 0.15 0.19375
4 0.9046875 0.29296875 0.06875 0.0890625
4 0.7546875 0.4421875 0.15625 0.2125
4 0.6625 0.20703125 0.05625 0.0859375
4 0.7625 0.278125 0.103125 0.1625
1 0.3875 0.1875 0.053125 0.0625
4 0.63359375 0.2984375 0.08125 0.103125
4 0.54921875 0.24140625 0.0984375 0.1359375
4 0.88515625 0.25703125 0.0671875 0.0828125
4 0.2625 0.27421875 0.140625 0.115625
4 0.603125 0.88984375 0.6328125 0.21875
4 0.7515625 0.1890625 0.071875 0.04375
4 0.23125 0.33984375 0.103125 0.084375
4 0.3921875 0.25859375 0.075 0.078125