4 0.903125 0.7390625 0.190625 0.51875
4 0.7125 0.35234375 0.140625 0.165625
4 0.5484375 0.63203125 0.328125 0.496875
4 0.25546875 0.24921875 0.0953125 0.1296875
4 0.14453125 0.5328125 0.2203125 0.31875
4 0.48984375 0.0984375 0.0671875 0.09375
4 0.44375 0.18828125 0.11875 0.0515625
4 0.17421875 0.3484375 0.1359375 0.06875
4 0.6203125 0.25 0.09375 0.125
4 0.4546875 0.3234375 0.159375 0.24375
3 0.0453125 0.4796875 0.040625 0.075
3 0.20078125 0.259375 0.0234375 0.040625
2 0.23203125 0.31640625 0.0984375 0.0984375
4 0.55546875 0.190625 0.0734375 0.071875
4 0.41328125 0.10390625 0.065625 0.10625
4 0.3 0.17109375 0.059375 0.0640625