4 0.2046875 0.3296875 0.253125 0.2875
4 0.87890625 0.66640625 0.2390625 0.6640625
4 0.63671875 0.14453125 0.0828125 0.1140625
4 0.596875 0.07109375 0.096875 0.1390625
4 0.44765625 0.17734375 0.134375 0.1109375
4 0.46875 0.5015625 0.3 0.546875
4 0.34296875 0.05390625 0.0703125 0.1078125
4 0.44609375 0.07265625 0.1078125 0.1078125
4 0.53125 0.0296875 0.046875 0.059375
3 0.809375 0.30625 0.040625 0.0625
3 0.69375 0.17421875 0.028125 0.0453125
3 0.71015625 0.22265625 0.0296875 0.0421875
3 0.76328125 0.296875 0.0421875 0.0625
3 0.73984375 0.2703125 0.0359375 0.053125
4 0.03359375 0.05234375 0.0671875 0.1046875
2 0.2484375 0.1015625 0.0625 0.046875
2 0.6609375 0.24140625 0.1 0.0859375
2 0.046875 0.75703125 0.09375 0.3140625