4 0.20390625 0.321875 0.2609375 0.284375
4 0.8796875 0.60234375 0.2375 0.3796875
4 0.8109375 0.39453125 0.20625 0.2515625
4 0.4140625 0.62109375 0.31875 0.4609375
4 0.7140625 0.26328125 0.1453125 0.175
4 0.47890625 0.19453125 0.1453125 0.2546875
4 0.590625 0.090625 0.078125 0.0875
4 0.040625 0.0484375 0.0796875 0.0921875
4 0.45703125 0.034375 0.0765625 0.065625
4 0.35546875 0.04765625 0.0703125 0.0953125
2 0.6171875 0.146875 0.078125 0.090625
4 0.28984375 0.16171875 0.1640625 0.2484375
3 0.7546875 0.16171875 0.028125 0.0359375
3 0.6640625 0.134375 0.021875 0.028125
2 0.63515625 0.203125 0.0765625 0.08125