4 0.1421875 0.42734375 0.284375 0.5765625
4 0.44921875 0.16171875 0.0890625 0.1296875
3 0.61484375 0.17578125 0.028125 0.0484375
3 0.69921875 0.2875 0.0390625 0.0625
3 0.76953125 0.25390625 0.0265625 0.0390625
3 0.64375 0.196875 0.0265625 0.053125
3 0.80546875 0.3078125 0.0453125 0.04375
3 0.59296875 0.11484375 0.0203125 0.0296875
3 0.66171875 0.1796875 0.0234375 0.03125
3 0.68671875 0.16484375 0.0171875 0.0296875
3 0.70625 0.22578125 0.034375 0.05
3 0.7265625 0.2078125 0.028125 0.05
1 0.859375 0.59375 0.278125 0.54375
4 0.57109375 0.071875 0.0703125 0.08125
4 0.45234375 0.06796875 0.0640625 0.0640625
4 0.33671875 0.07890625 0.0828125 0.1171875