4 0.13828125 0.6 0.2546875 0.38125
4 0.64296875 0.2484375 0.1484375 0.184375
4 0.5640625 0.17421875 0.109375 0.1390625
4 0.76328125 0.40234375 0.1265625 0.2203125
4 0.45703125 0.2828125 0.1359375 0.159375
4 0.85 0.6125 0.296875 0.64375
1 0.565625 0.6640625 0.390625 0.653125
2 0.2359375 0.425 0.134375 0.128125
4 0.26171875 0.25546875 0.0859375 0.1359375
3 0.01640625 0.46875 0.0328125 0.075
3 0.20390625 0.23203125 0.0265625 0.0421875
3 0.1171875 0.38828125 0.04375 0.0609375
3 0.07421875 0.4359375 0.0421875 0.0625
4 0.63515625 0.33359375 0.128125 0.165625