4 0.45859375 0.3546875 0.1546875 0.225
4 0.16484375 0.39375 0.2078125 0.234375
4 0.28671875 0.17109375 0.1796875 0.2640625
4 0.46640625 0.10703125 0.1015625 0.1890625
4 0.45078125 0.19609375 0.0921875 0.1015625
3 0.83046875 0.43671875 0.0515625 0.09375
3 0.90859375 0.45546875 0.0578125 0.0890625
3 0.73046875 0.35625 0.046875 0.0828125
3 0.971875 0.58515625 0.053125 0.1234375
3 0.775 0.30859375 0.0421875 0.071875
3 0.6859375 0.3078125 0.0375 0.05
3 0.66640625 0.25 0.028125 0.05625
3 0.696875 0.2421875 0.025 0.034375
3 0.73828125 0.27109375 0.0375 0.0609375
1 0.61171875 0.0859375 0.0859375 0.103125
2 0.61328125 0.165625 0.0703125 0.0625
2 0.55078125 0.071875 0.0453125 0.0375
4 0.4234375 0.7296875 0.6484375 0.5390625