4 0.2375 0.27578125 0.2375 0.3265625
4 0.453125 0.53984375 0.328125 0.5296875
4 0.1015625 0.6375 0.203125 0.721875
4 0.53828125 0.0328125 0.05 0.065625
4 0.4640625 0.1859375 0.1390625 0.203125
4 0.55625 0.05859375 0.05625 0.0578125
4 0.45078125 0.0453125 0.0703125 0.090625
3 0.7515625 0.2375 0.03125 0.06875
3 0.8453125 0.35 0.04375 0.078125
3 0.7125 0.2125 0.03125 0.053125
3 0.7 0.175 0.0234375 0.040625
3 0.671875 0.146875 0.015625 0.0375
1 0.2828125 0.0453125 0.090625 0.090625
1 0.621875 0.13984375 0.0875 0.1078125
4 0.58984375 0.09375 0.071875 0.0875
2 0.93984375 0.89140625 0.1171875 0.2140625