4 0.10703125 0.6296875 0.2140625 0.7375
4 0.3046875 0.15859375 0.128125 0.1640625
2 0.803125 0.5015625 0.196875 0.209375
4 0.640625 0.1609375 0.096875 0.121875
4 0.46328125 0.1984375 0.1234375 0.146875
4 0.728125 0.30625 0.153125 0.196875
4 0.46328125 0.07109375 0.0921875 0.1265625
4 0.69453125 0.22734375 0.121875 0.1515625
4 0.3328125 0.06953125 0.1 0.1375
4 0.55078125 0.04296875 0.0640625 0.0671875
2 0.57734375 0.0859375 0.0640625 0.065625
4 0.48046875 0.409375 0.2015625 0.278125
4 0.90546875 0.76484375 0.1859375 0.4671875
3 0.86640625 0.38984375 0.0546875 0.0890625
3 0.94296875 0.47890625 0.0640625 0.0875
3 0.971875 0.5015625 0.05625 0.06875
3 0.928125 0.415625 0.0515625 0.0828125
2 0.58828125 0.12421875 0.0484375 0.0578125