4 0.2109375 0.28828125 0.2984375 0.375
4 0.46015625 0.29375 0.2359375 0.321875
4 0.3390625 0.08359375 0.096875 0.1359375
4 0.35390625 0.71171875 0.5359375 0.5734375
4 0.03203125 0.75390625 0.0640625 0.4609375
4 0.46796875 0.07890625 0.1109375 0.0859375
3 0.73984375 0.36640625 0.0484375 0.0859375
3 0.69609375 0.16875 0.025 0.0328125
3 0.63984375 0.14609375 0.0234375 0.0421875
3 0.609375 0.125 0.021875 0.034375
3 0.840625 0.38984375 0.046875 0.0890625
4 0.57890625 0.059375 0.0828125 0.10625
4 0.32734375 0.125 0.0703125 0.0890625