4 0.85078125 0.515625 0.2953125 0.5
4 0.4703125 0.30390625 0.175 0.3296875
4 0.6921875 0.31015625 0.23125 0.3296875
4 0.26171875 0.83046875 0.4578125 0.3359375
4 0.5265625 0.14140625 0.109375 0.1421875
1 0.18203125 0.41171875 0.2078125 0.2703125
4 0.03515625 0.83984375 0.0703125 0.3171875
4 0.2671875 0.24609375 0.08125 0.1078125
4 0.484375 0.0875 0.078125 0.0875
1 0.28671875 0.18359375 0.0890625 0.1359375
4 0.409375 0.1296875 0.06875 0.103125
3 0.1109375 0.34296875 0.034375 0.0765625
2 0.13046875 0.6171875 0.2015625 0.159375
2 0.56953125 0.2484375 0.0265625 0.071875