4 0.04453125 0.0546875 0.0703125 0.08125
4 0.33984375 0.0890625 0.1046875 0.140625
4 0.47265625 0.6859375 0.4796875 0.625
4 0.46875 0.23046875 0.1390625 0.2375
4 0.45234375 0.08203125 0.0859375 0.1453125
3 0.796875 0.4671875 0.05625 0.1
3 0.678125 0.309375 0.03125 0.05
3 0.65234375 0.1140625 0.0234375 0.0359375
3 0.73359375 0.29921875 0.0359375 0.0515625
3 0.70625 0.25 0.03125 0.04375
3 0.7125 0.18671875 0.028125 0.04375
3 0.6171875 0.1375 0.025 0.0390625
1 0.515625 0.03671875 0.08125 0.0734375
2 0.33828125 0.15703125 0.0734375 0.0703125
4 0.5046875 0.33125 0.1484375 0.1125