4 0.08359375 0.5640625 0.1671875 0.346875
4 0.54140625 0.6328125 0.4296875 0.7328125
1 0.5921875 0.20390625 0.125 0.1609375
4 0.215625 0.36328125 0.14375 0.20625
4 0.40078125 0.0625 0.0421875 0.05625
4 0.9625 0.7421875 0.071875 0.5125
4 0.775 0.40390625 0.3375 0.4765625
4 0.496875 0.1046875 0.078125 0.1125
4 0.4640625 0.075 0.046875 0.06875
3 0.24375 0.16953125 0.021875 0.0390625
3 0.21015625 0.2078125 0.0234375 0.046875
3 0.2296875 0.18203125 0.01875 0.0390625
4 0.43125 0.18671875 0.0875 0.1265625
2 0.2453125 0.23046875 0.06875 0.0609375
2 0.2703125 0.26640625 0.06875 0.0640625
4 0.30390625 0.1515625 0.0546875 0.05625
4 0.41171875 0.1125 0.0546875 0.0375