3 0.275 0.240625 0.0171875 0.0265625
3 0.3046875 0.20546875 0.015625 0.0203125
3 0.95 0.278125 0.01875 0.028125
3 0.26015625 0.2359375 0.0140625 0.0234375
4 0.7671875 0.19765625 0.08125 0.0765625
4 0.6765625 0.70625 0.59375 0.584375
2 0.953125 0.35078125 0.090625 0.0765625
4 0.1625 0.28671875 0.196875 0.1796875
4 0.32578125 0.69296875 0.2609375 0.2765625
4 0.55625 0.37421875 0.15 0.2171875
4 0.66328125 0.2140625 0.0734375 0.09375
4 0.5515625 0.21640625 0.1 0.1078125
4 0.46015625 0.17421875 0.075 0.0734375
4 0.89765625 0.2625 0.0703125 0.0875
4 0.759375 0.328125 0.121875 0.190625
4 0.975 0.47578125 0.046875 0.2015625
4 0.69140625 0.1546875 0.0453125 0.05625
4 0.0515625 0.38828125 0.103125 0.0921875
4 0.878125 0.228125 0.059375 0.078125
4 0.8234375 0.17734375 0.0375 0.0515625
4 0.86171875 0.2015625 0.0453125 0.0625
4 0.75703125 0.17421875 0.06875 0.075