4 0.1171875 0.515625 0.234375 0.4125
4 0.7125 0.23828125 0.1875 0.2234375
4 0.46953125 0.1265625 0.1109375 0.20625
4 0.240625 0.23984375 0.215625 0.3140625
1 0.6203125 0.1125 0.1140625 0.121875
4 0.46328125 0.3046875 0.1296875 0.146875
4 0.34140625 0.05546875 0.0765625 0.0890625
4 0.5765625 0.0734375 0.0625 0.08125
4 0.4140625 0.68359375 0.4125 0.6328125
4 0.36796875 0.0359375 0.0640625 0.071875
3 0.92734375 0.45390625 0.0515625 0.0859375
3 0.87421875 0.36640625 0.0515625 0.0796875
3 0.81171875 0.37578125 0.0484375 0.0859375
2 0.89921875 0.73359375 0.1984375 0.2515625