4 0.7921875 0.409375 0.271875 0.328125
4 0.9015625 0.7984375 0.19375 0.4
4 0.2703125 0.23046875 0.0875 0.1265625
4 0.22109375 0.4109375 0.1578125 0.24375
4 0.56875 0.1796875 0.121875 0.15
4 0.4703125 0.378125 0.1265625 0.1875
4 0.2984375 0.15078125 0.071875 0.0984375
4 0.43359375 0.27578125 0.1109375 0.1578125
4 0.5640625 0.6265625 0.2875 0.471875
2 0.1078125 0.67890625 0.215625 0.2796875
2 0.6234375 0.31484375 0.075 0.1109375
3 0.11640625 0.41015625 0.0421875 0.0703125
3 0.2046875 0.23359375 0.021875 0.0421875
3 0.1578125 0.29921875 0.028125 0.0515625
3 0.06015625 0.51796875 0.0578125 0.0890625
3 0.1265625 0.34296875 0.034375 0.0421875