4 0.159375 0.365625 0.31875 0.4875
4 0.90625 0.66015625 0.184375 0.4328125
4 0.8125 0.390625 0.20625 0.240625
4 0.49375 0.46796875 0.3 0.584375
4 0.33359375 0.08046875 0.0953125 0.1265625
2 0.65703125 0.21796875 0.1109375 0.1203125
4 0.46171875 0.1109375 0.0984375 0.134375
4 0.63359375 0.15 0.1015625 0.1125
4 0.41484375 0.18671875 0.1078125 0.1265625
4 0.453125 0.021875 0.075 0.04375
4 0.365625 0.03203125 0.059375 0.0640625
3 0.76328125 0.24140625 0.0296875 0.05625
2 0.69609375 0.29765625 0.1109375 0.1171875
2 0.31171875 0.16875 0.0578125 0.078125