4 0.15859375 0.33984375 0.2453125 0.2796875
4 0.8828125 0.60390625 0.23125 0.3546875
4 0.7390625 0.33984375 0.15625 0.2015625
4 0.43515625 0.25625 0.1109375 0.115625
4 0.62890625 0.16171875 0.0984375 0.1234375
4 0.615625 0.10625 0.096875 0.1125
4 0.284375 0.1765625 0.159375 0.2625
4 0.45703125 0.084375 0.0828125 0.11875
3 0.73125 0.12890625 0.01875 0.0328125
3 0.8234375 0.3078125 0.021875 0.046875
3 0.7625 0.21953125 0.0359375 0.0515625
3 0.8390625 0.37578125 0.046875 0.0703125
3 0.89140625 0.3703125 0.028125 0.0859375
2 0.45859375 0.165625 0.08125 0.078125
2 0.66640625 0.27734375 0.0953125 0.0984375
4 0.04921875 0.0484375 0.0984375 0.0953125
4 0.4515625 0.65625 0.4546875 0.6875
4 0.05078125 0.68203125 0.1015625 0.5203125
4 0.3546875 0.04765625 0.06875 0.0921875
4 0.95625 0.84921875 0.0875 0.3015625