3 0.1984375 0.240625 0.015625 0.025
2 0.3296875 0.19765625 0.046875 0.0359375
2 0.26875 0.22265625 0.05625 0.0453125
4 0.546875 0.46953125 0.303125 0.4234375
4 0.0328125 0.35234375 0.065625 0.1484375
4 0.76484375 0.29765625 0.1203125 0.2265625
4 0.9375 0.32734375 0.1 0.1328125
4 0.471875 0.15078125 0.0625 0.0703125
4 0.134375 0.35078125 0.1625 0.1421875
4 0.41875 0.17421875 0.0859375 0.0875
4 0.85234375 0.2015625 0.0515625 0.06875
4 0.6625 0.1609375 0.053125 0.06875
4 0.9828125 0.525 0.03125 0.2375
4 0.5421875 0.21796875 0.0921875 0.134375
4 0.70625 0.15 0.05 0.075
1 0.63515625 0.2015625 0.0875 0.065625
4 0.74296875 0.13359375 0.0328125 0.0484375
4 0.6171875 0.24609375 0.084375 0.078125
3 0.1140625 0.265625 0.03125 0.034375