0 0.17890625 0.95703125 0.0765625 0.0828125
0 0.72421875 0.88125 0.0546875 0.090625
0 0.653125 0.56796875 0.025 0.0546875
0 0.26484375 0.85703125 0.0859375 0.0859375
0 0.596875 0.73515625 0.040625 0.0734375
0 0.8421875 0.64609375 0.028125 0.0609375
0 0.71953125 0.7109375 0.0359375 0.06875
0 0.87578125 0.6609375 0.0296875 0.065625
0 0.74765625 0.653125 0.0359375 0.065625
0 0.14453125 0.815625 0.0578125 0.0875
0 0.80546875 0.65859375 0.0296875 0.0609375
0 0.5046875 0.5953125 0.025 0.046875
0 0.80625 0.55703125 0.025 0.0453125
0 0.61328125 0.49765625 0.0203125 0.0359375
0 0.38984375 0.7046875 0.0359375 0.0625
0 0.64375 0.7578125 0.0375 0.059375
0 0.78828125 0.61015625 0.0328125 0.0578125
0 0.7390625 0.49765625 0.015625 0.0359375
0 0.5875 0.66953125 0.03125 0.0765625
0 0.8625 0.5125 0.01875 0.040625
0 0.65703125 0.496875 0.0171875 0.0375
0 0.7984375 0.49765625 0.015625 0.0359375
0 0.36953125 0.68046875 0.0296875 0.0640625
0 0.51875 0.65078125 0.028125 0.0546875
0 0.6375 0.65859375 0.03125 0.0609375
0 0.53359375 0.6125 0.0234375 0.05