3 0.69140625 0.22734375 0.0234375 0.0234375
3 0.6625 0.221875 0.021875 0.021875
3 0.98828125 0.32578125 0.0203125 0.0390625
4 0.4828125 0.165625 0.08125 0.075
1 0.25 0.20390625 0.2046875 0.0671875
1 0.3765625 0.17734375 0.059375 0.0578125
4 0.34921875 0.640625 0.3296875 0.403125
4 0.7515625 0.4421875 0.1875 0.359375
4 0.9328125 0.31328125 0.075 0.0984375
4 0.67890625 0.16796875 0.0515625 0.0640625
4 0.66328125 0.86015625 0.4765625 0.2765625
4 0.76171875 0.22421875 0.0984375 0.0828125
4 0.8859375 0.25078125 0.065625 0.0828125
4 0.58046875 0.20234375 0.0734375 0.0984375
4 0.89765625 0.27265625 0.0609375 0.0828125
4 0.63671875 0.2890625 0.0703125 0.09375
4 0.81875 0.18125 0.034375 0.059375
4 0.5125 0.425 0.2109375 0.3171875
4 0.796875 0.1578125 0.03125 0.053125
4 0.7453125 0.16171875 0.053125 0.0421875
2 0.97890625 0.44296875 0.0390625 0.1171875
4 0.58984375 0.31953125 0.1078125 0.1421875