4 0.66328125 0.32578125 0.2078125 0.1703125
4 0.609375 0.7875 0.328125 0.421875
4 0.90078125 0.71015625 0.1953125 0.5765625
4 0.10625 0.5671875 0.2125 0.25625
4 0.50390625 0.45703125 0.2515625 0.3359375
4 0.5109375 0.12109375 0.1 0.1234375
4 0.4515625 0.2609375 0.153125 0.25625
4 0.64140625 0.93828125 0.2734375 0.1203125
4 0.2640625 0.21953125 0.103125 0.1171875
4 0.2125 0.38203125 0.153125 0.1640625
4 0.42109375 0.1203125 0.0828125 0.09375
3 0.0953125 0.39765625 0.0375 0.0671875
3 0.18359375 0.275 0.0265625 0.05
4 0.2984375 0.1484375 0.05 0.0625
3 0.01171875 0.5453125 0.0234375 0.090625
4 0.2453125 0.27421875 0.0984375 0.1140625
4 0.21484375 0.18828125 0.0671875 0.0921875