4 0.16328125 0.38828125 0.2546875 0.3203125
4 0.54609375 0.16328125 0.0859375 0.1140625
4 0.44765625 0.25859375 0.1453125 0.2765625
4 0.69921875 0.70859375 0.6015625 0.5796875
4 0.8546875 0.48828125 0.290625 0.3828125
4 0.3046875 0.15 0.059375 0.08125
4 0.4796875 0.08984375 0.065625 0.0890625
4 0.515625 0.4109375 0.19375 0.059375
2 0.68203125 0.3 0.1046875 0.109375
4 0.27734375 0.23046875 0.0828125 0.128125
3 0.0125 0.453125 0.025 0.1
3 0.1671875 0.21328125 0.028125 0.0421875
1 0.228125 0.178125 0.0953125 0.1046875