4 0.33828125 0.09140625 0.103125 0.1453125
4 0.1546875 0.3359375 0.309375 0.45625
4 0.4578125 0.3234375 0.2296875 0.3296875
4 0.04921875 0.74765625 0.0984375 0.5015625
4 0.45546875 0.1140625 0.115625 0.109375
4 0.4609375 0.0390625 0.0859375 0.078125
4 0.421875 0.734375 0.409375 0.528125
4 0.74296875 0.33359375 0.1671875 0.2140625
3 0.9515625 0.85546875 0.0953125 0.1921875
3 0.86953125 0.615625 0.0828125 0.14375
3 0.9296875 0.54375 0.06875 0.1171875
3 0.840625 0.3328125 0.034375 0.08125
3 0.8765625 0.50078125 0.0421875 0.059375
3 0.9109375 0.43671875 0.05 0.0890625
1 0.6078125 0.09609375 0.078125 0.0953125
2 0.63828125 0.18046875 0.0796875 0.0765625