0 0.90390625 0.51328125 0.0609375 0.1078125
0 0.63125 0.80625 0.08125 0.15
0 0.8578125 0.78828125 0.090625 0.1578125
0 0.7015625 0.34296875 0.04375 0.0828125
0 0.7984375 0.509375 0.05625 0.1125
0 0.7953125 0.20546875 0.021875 0.0546875
0 0.715625 0.19765625 0.028125 0.0640625
0 0.46484375 0.44375 0.0453125 0.103125
0 0.97421875 0.35390625 0.0421875 0.0890625
0 0.7953125 0.3453125 0.028125 0.078125
0 0.59765625 0.459375 0.0265625 0.084375
0 0.95390625 0.26015625 0.0390625 0.0703125
0 0.290625 0.04375 0.025 0.046875
0 0.8734375 0.24765625 0.01875 0.0578125
0 0.87578125 0.15546875 0.0234375 0.0390625
0 0.61171875 0.67109375 0.0671875 0.1328125
0 0.6484375 0.2 0.028125 0.059375
0 0.61640625 0.1796875 0.03125 0.06875
0 0.828125 0.14296875 0.034375 0.0609375
0 0.74375 0.1453125 0.0359375 0.059375