4 0.11640625 0.4921875 0.2171875 0.290625
4 0.65 0.30546875 0.125 0.1640625
4 0.04453125 0.9234375 0.0890625 0.15
4 0.45703125 0.296875 0.1546875 0.215625
4 0.18515625 0.36640625 0.1453125 0.1859375
4 0.27265625 0.2671875 0.0796875 0.090625
4 0.4375 0.1609375 0.1 0.0625
2 0.5 0.39453125 0.125 0.0703125
4 0.68515625 0.70859375 0.6296875 0.5828125
4 0.57421875 0.20625 0.0984375 0.121875
4 0.609375 0.2515625 0.090625 0.134375
4 0.84921875 0.584375 0.3015625 0.671875
4 0.55 0.165625 0.121875 0.128125
1 0.1375 0.25234375 0.146875 0.1515625
2 0.03984375 0.72421875 0.0796875 0.2515625