4 0.9421875 0.73359375 0.1125 0.5296875
4 0.6171875 0.22265625 0.1703125 0.24375
2 0.08515625 0.83359375 0.1703125 0.3296875
4 0.81875 0.54140625 0.359375 0.4484375
4 0.4859375 0.390625 0.228125 0.4375
4 0.11171875 0.6109375 0.2234375 0.36875
4 0.43125 0.13046875 0.09375 0.1046875
3 0.1578125 0.32265625 0.028125 0.0578125
3 0.18125 0.271875 0.025 0.04375
3 0.06171875 0.4328125 0.0453125 0.053125
3 0.25234375 0.1765625 0.0171875 0.03125
2 0.503125 0.85546875 0.24375 0.2765625
2 0.19921875 0.4625 0.1234375 0.15
4 0.2375 0.31875 0.1171875 0.1796875
4 0.5 0.12265625 0.06875 0.0671875
4 0.25703125 0.240625 0.0953125 0.0875
4 0.303125 0.18046875 0.0625 0.0765625