0 0.81171875 0.90703125 0.1109375 0.1796875
0 0.31640625 0.59921875 0.0734375 0.1296875
0 0.040625 0.47421875 0.053125 0.1171875
0 0.95234375 0.8078125 0.0921875 0.175
0 0.68515625 0.35390625 0.0390625 0.0921875
0 0.74765625 0.47421875 0.0234375 0.0984375
0 0.60234375 0.3515625 0.0578125 0.09375
0 0.83671875 0.33203125 0.0453125 0.0859375
0 0.96953125 0.29375 0.0578125 0.0875
0 0.503125 0.4734375 0.046875 0.109375
0 0.421875 0.575 0.06875 0.13125
0 0.49453125 0.353125 0.0421875 0.090625
0 0.77265625 0.7328125 0.0546875 0.125
0 0.353125 0.45859375 0.053125 0.0765625
0 0.7734375 0.25 0.03125 0.075
0 0.575 0.67734375 0.084375 0.1640625
0 0.72578125 0.28515625 0.0265625 0.0703125
0 0.10234375 0.48359375 0.0734375 0.1109375
0 0.06640625 0.34609375 0.0984375 0.0734375
0 0.27421875 0.4671875 0.0546875 0.10625