4 0.68671875 0.253125 0.1328125 0.16875
4 0.3296875 0.1203125 0.0953125 0.11875
4 0.4359375 0.25546875 0.165625 0.3296875
4 0.61328125 0.1375 0.0859375 0.109375
4 0.57578125 0.0671875 0.0609375 0.078125
4 0.353125 0.034375 0.05625 0.06875
4 0.64453125 0.1953125 0.1015625 0.1125
3 0.83984375 0.33046875 0.0375 0.0734375
3 0.76640625 0.26796875 0.0265625 0.040625
3 0.79296875 0.31328125 0.040625 0.0515625
3 0.67109375 0.1296875 0.0203125 0.025
1 0.23984375 0.08125 0.0984375 0.125
1 0.890625 0.66328125 0.215625 0.4390625
4 0.4 0.79609375 0.490625 0.4046875
4 0.46171875 0.05 0.0828125 0.090625