4 0.765625 0.3828125 0.340625 0.446875
4 0.20390625 0.43515625 0.1484375 0.2515625
4 0.51640625 0.4578125 0.2640625 0.4078125
4 0.2421875 0.275 0.13125 0.178125
4 0.546875 0.153125 0.10625 0.15625
4 0.0421875 0.8640625 0.084375 0.26875
1 0.23671875 0.14296875 0.0765625 0.0828125
4 0.4390625 0.20625 0.115625 0.209375
4 0.58671875 0.23203125 0.0859375 0.1453125
1 0.9578125 0.8234375 0.08125 0.35
2 0.10390625 0.7609375 0.2078125 0.240625
2 0.29296875 0.40078125 0.0578125 0.0921875
2 0.29453125 0.19921875 0.0640625 0.0640625