0 0.37109375 0.91796875 0.0765625 0.0921875
0 0.62734375 0.78828125 0.0578125 0.0796875
0 0.11484375 0.928125 0.1078125 0.096875
0 0.21875 0.84765625 0.08125 0.0796875
0 0.55390625 0.559375 0.0390625 0.04375
0 0.546875 0.69375 0.03125 0.053125
0 0.72890625 0.52265625 0.0328125 0.0390625
0 0.79375 0.4984375 0.028125 0.03125
0 0.85 0.58984375 0.03125 0.0421875
0 0.60546875 0.565625 0.0265625 0.034375
0 0.41875 0.63359375 0.0421875 0.0578125
0 0.82421875 0.56953125 0.0265625 0.0359375
0 0.828125 0.8171875 0.059375 0.08125
0 0.45390625 0.69765625 0.0359375 0.0484375
0 0.76015625 0.5875 0.0296875 0.04375
0 0.696875 0.51484375 0.03125 0.0390625
0 0.8875 0.590625 0.028125 0.046875
0 0.7171875 0.66328125 0.03125 0.0453125
0 0.74921875 0.67265625 0.0359375 0.0453125
0 0.45078125 0.75390625 0.0703125 0.0765625
0 0.609375 0.6453125 0.046875 0.0625
0 0.89375 0.8609375 0.053125 0.0875
0 0.72734375 0.74609375 0.0484375 0.0703125
0 0.46875 0.8078125 0.0625 0.05
0 0.73671875 0.8140625 0.0640625 0.096875
0 0.47265625 0.92109375 0.0734375 0.0796875
0 0.5828125 0.6125 0.03125 0.046875
0 0.9484375 0.590625 0.03125 0.046875
0 0.92109375 0.68359375 0.0328125 0.0484375
0 0.95390625 0.865625 0.053125 0.0953125
0 0.67421875 0.6796875 0.0515625 0.0625
0 0.16171875 0.81484375 0.09375 0.0890625