4 0.55703125 0.60390625 0.3421875 0.5546875
4 0.88984375 0.6828125 0.2171875 0.559375
4 0.65859375 0.2625 0.2046875 0.253125
4 0.5265625 0.1328125 0.09375 0.125
4 0.4734375 0.27109375 0.159375 0.1359375
4 0.1171875 0.778125 0.234375 0.440625
4 0.20234375 0.38203125 0.1609375 0.2140625
4 0.446875 0.16953125 0.109375 0.0828125
3 0.1265625 0.3390625 0.034375 0.059375
3 0.06171875 0.3890625 0.0390625 0.065625
3 0.1578125 0.29140625 0.03125 0.0359375
3 0.0890625 0.4046875 0.0375 0.06875
4 0.25390625 0.28125 0.1 0.140625