4 0.7484375 0.38203125 0.25 0.3328125
4 0.2515625 0.26796875 0.134375 0.1953125
4 0.96640625 0.72109375 0.0640625 0.5546875
4 0.6125 0.23359375 0.1375 0.1484375
4 0.52734375 0.34140625 0.2046875 0.0734375
4 0.50703125 0.30390625 0.2453125 0.1484375
4 0.65859375 0.684375 0.540625 0.63125
4 0.5640625 0.1796875 0.0875 0.115625
1 0.125 0.7359375 0.25 0.525
3 0.096875 0.3671875 0.034375 0.053125
3 0.12890625 0.3359375 0.0328125 0.053125
3 0.14921875 0.29765625 0.0265625 0.0421875
3 0.06640625 0.44375 0.0484375 0.065625
3 0.265625 0.13515625 0.01875 0.0296875
3 0.18125 0.26484375 0.025 0.0609375
3 0.18359375 0.275 0.0171875 0.040625
2 0.20546875 0.41796875 0.1390625 0.1359375
4 0.4421875 0.17109375 0.1359375 0.13125