0 0.68828125 0.79375 0.0703125 0.140625
0 0.459375 0.70078125 0.071875 0.1171875
0 0.53359375 0.55078125 0.0484375 0.0828125
0 0.81640625 0.55546875 0.0484375 0.0921875
0 0.4328125 0.53515625 0.046875 0.0921875
0 0.31328125 0.37109375 0.0421875 0.0765625
0 0.9015625 0.74453125 0.06875 0.1203125
0 0.7453125 0.41015625 0.04375 0.0765625
0 0.39296875 0.4078125 0.0359375 0.075
0 0.778125 0.51328125 0.04375 0.0828125
0 0.86171875 0.4359375 0.0484375 0.078125
0 0.23671875 0.3078125 0.0296875 0.0625
0 0.22265625 0.56953125 0.0546875 0.1421875
0 0.678125 0.40703125 0.040625 0.0734375
0 0.6625 0.2828125 0.025 0.0625
0 0.634375 0.540625 0.05 0.084375
0 0.83046875 0.41015625 0.0296875 0.0765625
0 0.2765625 0.29375 0.028125 0.0625
0 0.109375 0.3640625 0.034375 0.05625