4 0.1515625 0.365625 0.303125 0.5
4 0.28828125 0.171875 0.1265625 0.1578125
4 0.46640625 0.19609375 0.1578125 0.2546875
4 0.3359375 0.0953125 0.0890625 0.1640625
4 0.43203125 0.82421875 0.3765625 0.3484375
4 0.45390625 0.0359375 0.0828125 0.071875
3 0.76953125 0.38671875 0.0515625 0.0890625
3 0.965625 0.928125 0.065625 0.140625
3 0.8578125 0.5359375 0.065625 0.1125
3 0.9734375 0.52421875 0.053125 0.1171875
3 0.76171875 0.3 0.025 0.0421875
3 0.8625 0.34296875 0.0390625 0.0734375
3 0.96484375 0.70234375 0.0671875 0.1578125
3 0.7984375 0.31796875 0.0375 0.0640625
3 0.76796875 0.51171875 0.0609375 0.1234375
1 0.65390625 0.140625 0.1140625 0.1375
1 0.6078125 0.04765625 0.05625 0.0640625
2 0.69453125 0.303125 0.1109375 0.1
2 0.5765625 0.08828125 0.046875 0.0421875
2 0.546875 0.07109375 0.04375 0.0390625
4 0.45859375 0.4328125 0.1640625 0.2390625
3 0.93046875 0.43125 0.0546875 0.0953125