4 0.77109375 0.38359375 0.2 0.2328125
4 0.28671875 0.17578125 0.1515625 0.1984375
4 0.453125 0.3328125 0.21875 0.425
4 0.63515625 0.1328125 0.1234375 0.140625
4 0.65078125 0.20078125 0.0953125 0.1203125
4 0.33359375 0.10703125 0.1140625 0.1546875
4 0.4625 0.0375 0.0875 0.065625
3 0.97578125 0.48046875 0.04375 0.0671875
3 0.73671875 0.24609375 0.0328125 0.0453125
3 0.70546875 0.17734375 0.0171875 0.0328125
3 0.71953125 0.20859375 0.0265625 0.0453125
3 0.56015625 0.0921875 0.0171875 0.028125
3 0.92890625 0.43359375 0.0390625 0.0703125
3 0.890625 0.45078125 0.05625 0.0828125
2 0.66953125 0.30703125 0.0828125 0.0859375