0 0.1890625 0.771875 0.028125 0.065625
0 0.509375 0.73203125 0.025 0.0609375
0 0.1328125 0.590625 0.03125 0.05
0 0.20078125 0.5875 0.0296875 0.05
0 0.31953125 0.734375 0.0453125 0.090625
0 0.8359375 0.734375 0.03125 0.065625
0 0.346875 0.59140625 0.021875 0.0515625
0 0.23671875 0.72109375 0.0265625 0.0640625
0 0.25546875 0.5734375 0.0171875 0.040625
0 0.4609375 0.65 0.021875 0.053125
0 0.40703125 0.59296875 0.0203125 0.0453125
0 0.66953125 0.7390625 0.0296875 0.059375
0 0.28515625 0.56875 0.0171875 0.034375
0 0.4046875 0.5125 0.015625 0.034375
0 0.5984375 0.63046875 0.021875 0.0484375
0 0.68515625 0.64296875 0.0234375 0.0453125
0 0.2578125 0.9671875 0.053125 0.0625
0 0.5578125 0.60546875 0.01875 0.0421875
0 0.2796875 0.475 0.0125 0.03125
0 0.05 0.5890625 0.028125 0.053125
0 0.1859375 0.51171875 0.015625 0.0328125
0 0.2078125 0.496875 0.0171875 0.0328125
0 0.31640625 0.48515625 0.015625 0.03125
0 0.35 0.48671875 0.0203125 0.0359375
0 0.4390625 0.52265625 0.025 0.0390625