3 0.03515625 0.18515625 0.0296875 0.0359375
3 0.121875 0.13828125 0.021875 0.0328125
3 0.08125 0.1421875 0.028125 0.028125
2 0.95859375 0.2640625 0.0796875 0.078125
2 0.98203125 0.396875 0.0328125 0.109375
2 0.19296875 0.1171875 0.0640625 0.05
2 0.41796875 0.09375 0.0578125 0.046875
2 0.45625 0.07421875 0.040625 0.0296875
4 0.19453125 0.6828125 0.3515625 0.325
4 0.53046875 0.2578125 0.2234375 0.340625
4 0.125 0.228125 0.16875 0.146875
4 0.75546875 0.19609375 0.1140625 0.1546875
4 0.7984375 0.65546875 0.246875 0.3921875
4 0.94296875 0.18125 0.0828125 0.103125
4 0.5625 0.91953125 0.45 0.1578125
4 0.61640625 0.1234375 0.1046875 0.16875
4 0.68984375 0.478125 0.1984375 0.246875
4 0.71875 0.31015625 0.128125 0.1140625
4 0.43046875 0.04140625 0.0921875 0.0828125
1 0.6625 0.0703125 0.071875 0.1
4 0.7484375 0.03203125 0.0625 0.0640625
4 0.9203125 0.12421875 0.10625 0.15
1 0.8625 0.0671875 0.078125 0.0875
4 0.759375 0.0859375 0.078125 0.071875