0 0.65 0.7390625 0.0625 0.115625
0 0.953125 0.75546875 0.065625 0.1171875
0 0.8015625 0.7390625 0.059375 0.11875
0 0.4796875 0.69921875 0.06875 0.1171875
0 0.34609375 0.5109375 0.0578125 0.09375
0 0.434375 0.50859375 0.05 0.0921875
0 0.67265625 0.409375 0.0390625 0.078125
0 0.83984375 0.4921875 0.0546875 0.090625
0 0.9125 0.64765625 0.059375 0.0984375
0 0.97421875 0.5328125 0.0484375 0.096875
0 0.7453125 0.34140625 0.03125 0.0765625
0 0.7484375 0.48984375 0.05 0.0859375
0 0.06328125 0.34453125 0.0328125 0.0640625
0 0.02578125 0.38984375 0.0359375 0.0734375
0 0.75859375 0.64296875 0.0578125 0.1046875
0 0.25703125 0.3640625 0.0390625 0.071875
0 0.490625 0.36171875 0.034375 0.0671875
0 0.20859375 0.30625 0.0328125 0.059375