2 0.315625 0.58515625 0.209375 0.1671875
2 0.2625 0.15703125 0.0625 0.0609375
2 0.95703125 0.2765625 0.0828125 0.075
2 0.97421875 0.33203125 0.0484375 0.1140625
2 0.91953125 0.2 0.0578125 0.059375
2 0.26171875 0.10625 0.0484375 0.0375
2 0.68359375 0.91640625 0.2859375 0.0953125
2 0.98828125 0.440625 0.0203125 0.11875
4 0.565625 0.959375 0.690625 0.078125
4 0.5015625 0.340625 0.24375 0.26875
4 0.71328125 0.4359375 0.1671875 0.2625
4 0.6140625 0.13671875 0.109375 0.1828125
4 0.13359375 0.14140625 0.2109375 0.1609375
4 0.78671875 0.3125 0.1171875 0.184375
4 0.96953125 0.203125 0.0578125 0.078125
4 0.3671875 0.109375 0.1453125 0.140625
4 0.08828125 0.26171875 0.1765625 0.1640625
4 0.73125 0.25234375 0.1109375 0.1140625
4 0.546875 0.034375 0.0375 0.05
4 0.67890625 0.03984375 0.0546875 0.0796875
4 0.753125 0.13984375 0.096875 0.0828125
4 0.921875 0.14765625 0.06875 0.0828125
4 0.7625 0.0734375 0.084375 0.05625
1 0.83671875 0.065625 0.0515625 0.0625
4 0.89375 0.10390625 0.0890625 0.1265625
4 0.64609375 0.08359375 0.0796875 0.1296875
4 0.74765625 0.0203125 0.0546875 0.040625
4 0.73984375 0.18828125 0.0984375 0.0640625