3 0.91796875 0.2640625 0.01875 0.025
3 0.9 0.27109375 0.01875 0.0234375
2 0.7 0.25546875 0.05 0.0390625
2 0.47109375 0.21015625 0.0390625 0.0328125
2 0.83984375 0.23359375 0.0421875 0.0359375
2 0.87109375 0.253125 0.0421875 0.0375
2 0.46953125 0.24296875 0.0453125 0.0265625
2 0.31875 0.2640625 0.053125 0.01875
2 0.79375 0.1796875 0.021875 0.025
4 0.7859375 0.69140625 0.21875 0.3515625
4 0.5109375 0.409375 0.259375 0.259375
4 0.94609375 0.365625 0.1015625 0.134375
4 0.76015625 0.38203125 0.1046875 0.1390625
4 0.30703125 0.7296875 0.6140625 0.5375
4 0.36953125 0.2234375 0.0640625 0.065625
4 0.74921875 0.21171875 0.0609375 0.0828125
4 0.67578125 0.18515625 0.0484375 0.0796875
4 0.5921875 0.1375 0.03125 0.0375
4 0.16328125 0.37734375 0.2453125 0.1890625
4 0.75703125 0.2828125 0.0734375 0.0625
4 0.84609375 0.20859375 0.040625 0.0484375
4 0.82421875 0.1875 0.0375 0.0484375
4 0.69375 0.1625 0.0375 0.0625
4 0.08515625 0.346875 0.1640625 0.165625
4 0.7375 0.15546875 0.046875 0.0328125
4 0.321875 0.30625 0.078125 0.065625
4 0.75 0.309375 0.0875 0.115625