4 0.69921875 0.30078125 0.2453125 0.2828125
4 0.0625 0.80390625 0.125 0.3890625
4 0.13671875 0.53984375 0.2453125 0.3546875
4 0.49765625 0.49140625 0.2890625 0.5921875
4 0.86640625 0.71171875 0.2640625 0.5734375
4 0.540625 0.15234375 0.1 0.1390625
4 0.43671875 0.165625 0.0984375 0.071875
4 0.28828125 0.1765625 0.0859375 0.14375
4 0.44921875 0.05390625 0.0390625 0.0484375
4 0.41796875 0.11875 0.0765625 0.0875
2 0.23203125 0.34375 0.1078125 0.10625
3 0.084375 0.37109375 0.040625 0.0515625
3 0.14296875 0.3375 0.0359375 0.05625
3 0.01640625 0.503125 0.0328125 0.084375
3 0.178125 0.3296875 0.03125 0.053125