4 0.090625 0.68984375 0.18125 0.4109375
4 0.8109375 0.4234375 0.375 0.50625
4 0.471875 0.078125 0.071875 0.09375
4 0.584375 0.20390625 0.103125 0.1234375
4 0.4640625 0.31015625 0.16875 0.328125
4 0.2484375 0.284375 0.115625 0.165625
4 0.43203125 0.1609375 0.0984375 0.1
4 0.6109375 0.6375 0.428125 0.7234375
3 0.16875 0.28515625 0.034375 0.0484375
3 0.2265625 0.196875 0.01875 0.025
3 0.25234375 0.14375 0.0171875 0.028125
3 0.18984375 0.25 0.0203125 0.0375
2 0.29140625 0.1875 0.0578125 0.059375
4 0.29765625 0.1328125 0.0546875 0.0734375