4 0.690625 0.29453125 0.175 0.2390625
4 0.1328125 0.51171875 0.18125 0.3046875
4 0.55859375 0.15546875 0.1125 0.1640625
4 0.25703125 0.34453125 0.1953125 0.2609375
4 0.46015625 0.25 0.1046875 0.1
4 0.52265625 0.47578125 0.2328125 0.3859375
4 0.95859375 0.734375 0.0796875 0.528125
4 0.26015625 0.21328125 0.1015625 0.0609375
3 0.14765625 0.321875 0.0296875 0.05625
3 0.02578125 0.46328125 0.0421875 0.0796875
4 0.728125 0.88359375 0.4234375 0.2328125
4 0.065625 0.7640625 0.13125 0.471875
4 0.49765625 0.10390625 0.0546875 0.0765625
4 0.44609375 0.17890625 0.071875 0.05625
4 0.43359375 0.1578125 0.078125 0.0796875
4 0.415625 0.0984375 0.059375 0.0765625