4 0.6515625 0.27578125 0.221875 0.3015625
4 0.08984375 0.6640625 0.1796875 0.5
4 0.4671875 0.31875 0.184375 0.29375
4 0.92109375 0.7265625 0.1546875 0.53125
4 0.25234375 0.23046875 0.0765625 0.1046875
4 0.17109375 0.48359375 0.1671875 0.2515625
4 0.20078125 0.3625 0.1265625 0.165625
1 0.28125 0.18203125 0.084375 0.0984375
4 0.428125 0.1328125 0.1 0.09375
4 0.58828125 0.73046875 0.4859375 0.5359375
2 0.31953125 0.2953125 0.1171875 0.090625
3 0.08203125 0.41640625 0.0390625 0.0671875
3 0.134375 0.34375 0.021875 0.046875