4 0.740625 0.321875 0.16875 0.203125
4 0.459375 0.18203125 0.14375 0.23125
4 0.68046875 0.1890625 0.1703125 0.23125
4 0.340625 0.06484375 0.08125 0.1109375
4 0.08046875 0.603125 0.1609375 0.553125
4 0.26484375 0.21171875 0.1921875 0.2953125
4 0.54921875 0.04453125 0.0515625 0.0671875
2 0.16484375 0.4546875 0.0859375 0.153125
4 0.46328125 0.03671875 0.0859375 0.0671875
4 0.36171875 0.03671875 0.0640625 0.0734375
3 0.96953125 0.4859375 0.0578125 0.109375
3 0.9234375 0.52734375 0.059375 0.1140625
3 0.84296875 0.34375 0.04375 0.08125
3 0.5984375 0.0859375 0.0125 0.021875
3 0.8984375 0.44453125 0.05 0.1
1 0.45546875 0.509375 0.2765625 0.465625
2 0.93046875 0.859375 0.1359375 0.278125