4 0.84453125 0.6359375 0.3078125 0.725
4 0.58203125 0.18984375 0.1578125 0.1984375
4 0.23515625 0.28203125 0.1546875 0.1984375
4 0.45078125 0.28046875 0.1578125 0.2546875
4 0.2921875 0.209375 0.065625 0.103125
4 0.490625 0.10546875 0.05625 0.0765625
4 0.11796875 0.49921875 0.2359375 0.2796875
1 0.0671875 0.784375 0.134375 0.428125
3 0.07109375 0.39140625 0.0390625 0.0578125
3 0.13515625 0.32734375 0.0296875 0.0515625
3 0.15390625 0.29765625 0.0234375 0.0453125
2 0.4953125 0.45078125 0.140625 0.1484375
2 0.578125 0.8609375 0.271875 0.275