4 0.83671875 0.46328125 0.2015625 0.2203125
4 0.7484375 0.31875 0.15 0.19375
4 0.253125 0.228125 0.165625 0.196875
4 0.31796875 0.11875 0.1265625 0.2
4 0.0953125 0.63515625 0.190625 0.6953125
4 0.66953125 0.2125 0.103125 0.140625
4 0.603125 0.11875 0.0734375 0.0984375
4 0.446875 0.45078125 0.3 0.4890625
4 0.44765625 0.140625 0.0765625 0.1
3 0.86171875 0.2515625 0.0296875 0.0515625
3 0.97734375 0.50859375 0.0453125 0.1046875
1 0.5125 0.8046875 0.54375 0.3875
2 0.92578125 0.728125 0.1453125 0.215625
2 0.60390625 0.18359375 0.0359375 0.0640625
2 0.53671875 0.05859375 0.0359375 0.0421875