0 0.45390625 0.81171875 0.0484375 0.0671875
0 0.2328125 0.51328125 0.034375 0.0453125
0 0.32890625 0.51953125 0.0296875 0.0390625
0 0.46171875 0.92109375 0.0578125 0.0890625
0 0.23984375 0.684375 0.0515625 0.0625
0 0.340625 0.6578125 0.0375 0.053125
0 0.365625 0.94375 0.065625 0.0671875
0 0.2546875 0.6265625 0.034375 0.04375
0 0.76953125 0.4625 0.0234375 0.034375
0 0.634375 0.5390625 0.025 0.04375
0 0.2078125 0.63046875 0.040625 0.0546875
0 0.596875 0.53515625 0.025 0.0484375
0 0.3875 0.684375 0.040625 0.059375
0 0.42265625 0.48515625 0.0203125 0.0359375
0 0.6015625 0.66015625 0.034375 0.0484375
0 0.47578125 0.68828125 0.0546875 0.0609375
0 0.50859375 0.50859375 0.0234375 0.0390625
0 0.3171875 0.9171875 0.05625 0.078125
0 0.42421875 0.6109375 0.0390625 0.05
0 0.09140625 0.82421875 0.065625 0.06875
0 0.0625 0.66015625 0.040625 0.0578125
0 0.56875 0.44296875 0.01875 0.0296875
0 0.3875 0.54375 0.01875 0.0375
0 0.5328125 0.5828125 0.025 0.040625
0 0.52109375 0.62421875 0.0359375 0.0546875
0 0.64296875 0.671875 0.0328125 0.05625
0 0.678125 0.67421875 0.05 0.0546875
0 0.78203125 0.5796875 0.0328125 0.040625
0 0.2765625 0.5125 0.028125 0.046875
0 0.36640625 0.60078125 0.0265625 0.0484375
0 0.02890625 0.753125 0.0484375 0.08125
0 0.4046875 0.571875 0.03125 0.040625