0 0.15859375 0.75859375 0.0703125 0.0828125
0 0.11484375 0.94296875 0.0984375 0.1109375
0 0.8296875 0.94609375 0.090625 0.1015625
0 0.62421875 0.83984375 0.0765625 0.0953125
0 0.48203125 0.74140625 0.0703125 0.0703125
0 0.946875 0.725 0.04375 0.08125
0 0.7484375 0.6390625 0.05 0.05625
0 0.51171875 0.5765625 0.0484375 0.05
0 0.50859375 0.6578125 0.0515625 0.0625
0 0.8640625 0.46875 0.028125 0.0375
0 0.24375 0.61484375 0.0875 0.0921875
0 0.8921875 0.60625 0.034375 0.053125
0 0.5671875 0.5140625 0.0375 0.040625
0 0.8140625 0.4921875 0.028125 0.04375
0 0.66328125 0.45390625 0.0265625 0.0390625
0 0.52109375 0.50625 0.0421875 0.0375
0 0.6984375 0.57890625 0.04375 0.0578125
0 0.81796875 0.4171875 0.0234375 0.03125
0 0.55859375 0.6640625 0.0484375 0.059375
0 0.78046875 0.5390625 0.0265625 0.040625
0 0.03203125 0.68046875 0.0640625 0.0765625
0 0.946875 0.50234375 0.034375 0.0546875
0 0.74140625 0.90859375 0.1015625 0.1015625
0 0.91640625 0.47890625 0.0203125 0.0421875
0 0.9640625 0.43359375 0.01875 0.0328125
0 0.69765625 0.53515625 0.0375 0.0484375
0 0.740625 0.47109375 0.03125 0.0359375
0 0.68984375 0.45625 0.0296875 0.0375
0 0.71328125 0.87265625 0.0484375 0.0921875
0 0.65546875 0.68828125 0.0578125 0.0671875
0 0.63125 0.52109375 0.0375 0.0453125
0 0.6046875 0.5140625 0.03125 0.040625
0 0.771875 0.58203125 0.034375 0.0453125
0 0.48671875 0.50859375 0.0359375 0.0421875
0 0.9265625 0.42265625 0.025 0.0328125
0 0.775 0.49375 0.0375 0.0375