2 0.0640625 0.2984375 0.090625 0.0625
4 0.36875 0.19453125 0.090625 0.1015625
4 0.96015625 0.3875 0.0765625 0.15625
4 0.2640625 0.2375 0.109375 0.13125
4 0.7296875 0.27890625 0.14375 0.1890625
4 0.7125 0.565625 0.26875 0.39375
4 0.88515625 0.23671875 0.0640625 0.0828125
4 0.14921875 0.84140625 0.2984375 0.3140625
4 0.93515625 0.303125 0.0859375 0.11875
1 0.60546875 0.20390625 0.0390625 0.0734375
4 0.64453125 0.24375 0.0859375 0.121875
4 0.71796875 0.884375 0.3484375 0.228125
4 0.67890625 0.15390625 0.0515625 0.0671875
4 0.76171875 0.2046875 0.0859375 0.121875
4 0.54375 0.2265625 0.0984375 0.1421875