4 0.153125 0.434375 0.15625 0.228125
4 0.6765625 0.30234375 0.175 0.2234375
4 0.46796875 0.31015625 0.159375 0.1765625
4 0.25 0.2875 0.11875 0.159375
4 0.46953125 0.07578125 0.053125 0.0765625
4 0.434375 0.19140625 0.1015625 0.128125
4 0.29453125 0.1609375 0.0640625 0.084375
4 0.7203125 0.72578125 0.55625 0.5453125
3 0.08359375 0.3859375 0.0234375 0.053125
3 0.065625 0.45 0.04375 0.065625
2 0.1796875 0.684375 0.209375 0.2375
4 0.5828125 0.2171875 0.078125 0.08125
4 0.40625 0.0859375 0.05625 0.090625
4 0.54765625 0.1734375 0.0640625 0.084375
4 0.50703125 0.13203125 0.0625 0.075