4 0.23828125 0.33828125 0.1421875 0.1890625
4 0.6 0.21015625 0.1125 0.1453125
4 0.6953125 0.30859375 0.1875 0.2265625
4 0.48828125 0.35390625 0.1515625 0.1609375
4 0.43359375 0.2140625 0.1171875 0.171875
4 0.6609375 0.83046875 0.625 0.3359375
4 0.28984375 0.1921875 0.0703125 0.1125
4 0.51640625 0.1359375 0.0890625 0.1125
4 0.31328125 0.134375 0.0515625 0.06875
4 0.25546875 0.23203125 0.0984375 0.0921875
1 0.08046875 0.34609375 0.1609375 0.2234375
1 0.10625 0.6109375 0.2125 0.403125
2 0.50859375 0.49453125 0.1640625 0.1828125
2 0.57734375 0.63359375 0.2171875 0.1015625
3 0.1875 0.25546875 0.025 0.0515625