4 0.68984375 0.1546875 0.0421875 0.06875
2 0.11328125 0.36015625 0.1140625 0.0859375
4 0.775 0.34453125 0.090625 0.109375
4 0.20703125 0.2703125 0.1796875 0.175
4 0.54453125 0.38828125 0.2046875 0.3046875
4 0.2765625 0.69375 0.384375 0.425
4 0.68125 0.68671875 0.3625 0.625
4 0.89140625 0.26015625 0.0703125 0.0859375
1 0.846875 0.1921875 0.05625 0.0765625
4 0.6546875 0.190625 0.053125 0.078125
4 0.3453125 0.225 0.0625 0.0875
1 0.809375 0.1640625 0.0375 0.053125
2 0.75625 0.2703125 0.05 0.0484375
4 0.74296875 0.19375 0.05625 0.0734375
4 0.74296875 0.23359375 0.0515625 0.0734375
4 0.4015625 0.23203125 0.1109375 0.090625
4 0.54296875 0.17109375 0.0625 0.0640625
4 0.834375 0.22109375 0.05 0.0640625
2 0.78046875 0.32734375 0.0734375 0.065625