3 0.96484375 0.28046875 0.0234375 0.0265625
3 0.99453125 0.31796875 0.0109375 0.028125
2 0.65546875 0.19375 0.0328125 0.03125
2 0.9140625 0.28984375 0.06875 0.0640625
4 0.353125 0.5890625 0.4 0.43125
1 0.4390625 0.8328125 0.453125 0.334375
4 0.58515625 0.2984375 0.1578125 0.23125
4 0.74921875 0.396875 0.1671875 0.3125
4 0.8890625 0.21015625 0.084375 0.1078125
4 0.321875 0.19140625 0.1125 0.1109375
4 0.184375 0.32421875 0.1296875 0.1296875
4 0.31328125 0.25625 0.1171875 0.1125
4 0.68125 0.1625 0.0484375 0.053125
4 0.75 0.21953125 0.0875 0.0484375
4 0.05703125 0.35859375 0.1140625 0.1953125
4 0.74375 0.13984375 0.059375 0.0328125
4 0.53984375 0.2203125 0.090625 0.1390625
4 0.0984375 0.26484375 0.171875 0.1078125
4 0.7515625 0.1765625 0.0625 0.0484375
4 0.84375 0.19921875 0.025 0.06875