4 0.83828125 0.4328125 0.3203125 0.390625
4 0.3390625 0.08359375 0.109375 0.1671875
4 0.303125 0.18125 0.096875 0.1203125
4 0.45546875 0.3921875 0.2546875 0.490625
1 0.60703125 0.0734375 0.0765625 0.096875
4 0.4578125 0.03671875 0.075 0.0734375
4 0.93359375 0.85703125 0.1296875 0.2828125
4 0.459375 0.13125 0.0875 0.04375
3 0.675 0.2140625 0.021875 0.0375
2 0.1171875 0.43125 0.19375 0.165625
2 0.55 0.07109375 0.04375 0.0390625
2 0.5953125 0.12265625 0.05625 0.0515625
3 0.70703125 0.2078125 0.0234375 0.034375
3 0.62265625 0.16875 0.0171875 0.0359375
3 0.6546875 0.19921875 0.01875 0.0375
3 0.640625 0.1796875 0.015625 0.0328125
3 0.6 0.1484375 0.0265625 0.0453125
3 0.7625 0.21953125 0.028125 0.0453125
4 0.45546875 0.09296875 0.0671875 0.0421875