4 0.64609375 0.190625 0.115625 0.1375
4 0.23203125 0.27734375 0.2265625 0.2734375
4 0.32890625 0.14609375 0.1203125 0.178125
4 0.49296875 0.26875 0.1078125 0.15625
4 0.43671875 0.40234375 0.1765625 0.2203125
4 0.05546875 0.6734375 0.1109375 0.5875
4 0.45703125 0.59921875 0.2515625 0.2671875
4 0.45390625 0.0828125 0.084375 0.1453125
4 0.4671875 0.190625 0.115625 0.1984375
3 0.971875 0.69453125 0.053125 0.1390625
3 0.86640625 0.39453125 0.0453125 0.059375
3 0.7046875 0.30078125 0.0390625 0.071875
3 0.7359375 0.35 0.0375 0.065625
3 0.790625 0.38984375 0.028125 0.0578125
3 0.734375 0.28203125 0.025 0.0359375
3 0.7609375 0.40859375 0.04375 0.0796875
3 0.584375 0.146875 0.01875 0.03125
3 0.81171875 0.30625 0.0390625 0.071875
3 0.7140625 0.18515625 0.01875 0.0296875
3 0.9109375 0.5515625 0.06875 0.121875
3 0.56484375 0.12890625 0.0171875 0.0234375
3 0.91875 0.45625 0.0578125 0.0703125
1 0.603125 0.0796875 0.096875 0.096875
2 0.94921875 0.91796875 0.0984375 0.1609375
4 0.35 0.8515625 0.7 0.296875