4 0.68671875 0.31015625 0.1984375 0.2046875
4 0.50390625 0.3375 0.2109375 0.196875
4 0.95078125 0.76484375 0.0953125 0.4265625
4 0.54921875 0.1609375 0.1046875 0.134375
4 0.5890625 0.70625 0.490625 0.584375
4 0.42578125 0.16640625 0.0828125 0.1140625
4 0.496875 0.12578125 0.05625 0.0828125
4 0.2421875 0.35546875 0.175 0.2609375
3 0.12421875 0.340625 0.0390625 0.0625
3 0.05234375 0.6015625 0.0734375 0.10625
3 0.0515625 0.4796875 0.046875 0.090625
3 0.00859375 0.36015625 0.0171875 0.0671875
4 0.30859375 0.14765625 0.053125 0.084375
1 0.2546875 0.18828125 0.1296875 0.0859375
4 0.48515625 0.0859375 0.059375 0.0953125