0 0.1546875 0.72890625 0.06875 0.1234375
0 0.41640625 0.7796875 0.0734375 0.128125
0 0.66953125 0.8265625 0.0765625 0.134375
0 0.7265625 0.65390625 0.059375 0.1140625
0 0.77890625 0.94375 0.1046875 0.109375
0 0.57265625 0.9109375 0.0828125 0.15
0 0.31640625 0.7640625 0.0890625 0.109375
0 0.6703125 0.54765625 0.05 0.0921875
0 0.0375 0.95390625 0.075 0.0890625
0 0.59375 0.29453125 0.034375 0.0640625
0 0.484375 0.35390625 0.034375 0.0640625
0 0.821875 0.40859375 0.034375 0.0734375
0 0.64140625 0.34921875 0.0390625 0.0671875
0 0.68984375 0.44140625 0.0453125 0.0796875
0 0.596875 0.58515625 0.05 0.1046875
0 0.528125 0.396875 0.034375 0.06875
0 0.92734375 0.39765625 0.0390625 0.0765625
0 0.02265625 0.725 0.0453125 0.103125
0 0.559375 0.56015625 0.04375 0.0953125
0 0.8484375 0.3734375 0.034375 0.075
0 0.5671875 0.2125 0.025 0.046875
0 0.7578125 0.31015625 0.03125 0.0546875
0 0.965625 0.3546875 0.034375 0.065625
0 0.534375 0.26640625 0.025 0.0546875
0 0.40390625 0.4015625 0.0359375 0.071875
0 0.478125 0.55625 0.040625 0.096875
0 0.8734375 0.24609375 0.028125 0.0484375
0 0.75 0.409375 0.03125 0.071875