4 0.928125 0.696875 0.140625 0.496875
4 0.48359375 0.38671875 0.1765625 0.2640625
4 0.6640625 0.26640625 0.159375 0.1921875
4 0.2078125 0.40390625 0.134375 0.2109375
4 0.27578125 0.23671875 0.0859375 0.1296875
4 0.73046875 0.465625 0.2046875 0.253125
4 0.5640625 0.17421875 0.109375 0.1390625
4 0.42734375 0.22890625 0.0984375 0.1265625
2 0.24375 0.32578125 0.090625 0.1140625
2 0.08515625 0.87109375 0.1703125 0.2546875
3 0.0953125 0.3984375 0.040625 0.06875
3 0.075 0.3453125 0.03125 0.053125
3 0.20546875 0.2609375 0.0265625 0.04375
3 0.14296875 0.3984375 0.0265625 0.08125
3 0.17109375 0.28125 0.0265625 0.046875
3 0.1484375 0.25859375 0.028125 0.0484375