4 0.37421875 0.3109375 0.2421875 0.284375
4 0.84296875 0.55625 0.3109375 0.478125
4 0.675 0.828125 0.375 0.340625
4 0.63828125 0.26875 0.1203125 0.153125
4 0.4453125 0.23515625 0.115625 0.2078125
4 0.54453125 0.1484375 0.0796875 0.121875
4 0.5734375 0.20546875 0.1125 0.1078125
4 0.253125 0.23359375 0.115625 0.1625
3 0.18359375 0.2296875 0.0265625 0.040625
3 0.19140625 0.2390625 0.0203125 0.04375
2 0.5 0.4765625 0.1375 0.134375
2 0.68515625 0.41796875 0.0265625 0.0921875
4 0.28046875 0.1421875 0.096875 0.0625