3 0.6125 0.44609375 0.025 0.0453125
3 0.925 0.72421875 0.059375 0.0953125
3 0.771875 0.646875 0.046875 0.075
3 0.7046875 0.49140625 0.03125 0.0515625
3 0.7828125 0.575 0.040625 0.071875
3 0.67265625 0.45078125 0.0265625 0.0390625
4 0.6640625 0.521875 0.084375 0.10625
4 0.54921875 0.34765625 0.0671875 0.0828125
4 0.303125 0.3765625 0.071875 0.096875
4 0.34140625 0.3109375 0.0765625 0.11875
4 0.43203125 0.365625 0.0859375 0.15625
4 0.43515625 0.62265625 0.1859375 0.2421875
4 0.4109375 0.2671875 0.034375 0.046875