4 0.084375 0.75859375 0.16875 0.4796875
4 0.8625 0.49296875 0.2625 0.3359375
4 0.6078125 0.20703125 0.153125 0.2203125
4 0.5171875 0.3640625 0.178125 0.1875
4 0.43984375 0.203125 0.1234375 0.2125
4 0.51171875 0.12890625 0.0890625 0.1359375
4 0.15859375 0.515625 0.1703125 0.209375
4 0.23515625 0.2765625 0.1046875 0.1375
4 0.21015625 0.3828125 0.1515625 0.215625
1 0.271875 0.1875 0.115625 0.1125
4 0.68359375 0.7203125 0.6296875 0.55625
4 0.453125 0.06484375 0.0625 0.0640625
4 0.4109375 0.1 0.0625 0.09375
3 0.05234375 0.49140625 0.0453125 0.0640625
3 0.06484375 0.41484375 0.0390625 0.0515625
3 0.16875 0.271875 0.025 0.025