0 0.6265625 0.92890625 0.08125 0.1390625
0 0.76796875 0.93046875 0.0765625 0.1359375
0 0.72421875 0.565625 0.0328125 0.071875
0 0.95703125 0.74375 0.0828125 0.125
0 0.4734375 0.4828125 0.0375 0.078125
0 0.60859375 0.47734375 0.0296875 0.0828125
0 0.7078125 0.4328125 0.034375 0.075
0 0.55625 0.434375 0.028125 0.071875
0 0.48046875 0.8140625 0.0640625 0.134375
0 0.828125 0.4328125 0.0375 0.08125
0 0.97421875 0.409375 0.0484375 0.06875
0 0.50234375 0.43046875 0.0390625 0.0765625
0 0.79453125 0.371875 0.0265625 0.065625
0 0.7140625 0.32578125 0.028125 0.0671875
0 0.9765625 0.5359375 0.04375 0.08125
0 0.38046875 0.44296875 0.0640625 0.0671875
0 0.85859375 0.54609375 0.0265625 0.0765625
0 0.20390625 0.53828125 0.0328125 0.0671875
0 0.75546875 0.36484375 0.0234375 0.0671875
0 0.85703125 0.5375 0.0453125 0.096875