4 0.2390625 0.50234375 0.171875 0.2734375
4 0.5703125 0.19609375 0.103125 0.1296875
4 0.26328125 0.26171875 0.0921875 0.1390625
4 0.60703125 0.621875 0.453125 0.746875
4 0.09921875 0.8515625 0.1984375 0.29375
4 0.67734375 0.33046875 0.1296875 0.1546875
4 0.43203125 0.23515625 0.1109375 0.0953125
4 0.49921875 0.109375 0.0765625 0.1
4 0.928125 0.73671875 0.140625 0.5234375
4 0.41953125 0.12578125 0.0828125 0.13125
3 0.20390625 0.23203125 0.0265625 0.0453125
3 0.11328125 0.37265625 0.0328125 0.0578125
3 0.16171875 0.36171875 0.0421875 0.0671875
3 0.0453125 0.4390625 0.04375 0.0625
4 0.03046875 0.63046875 0.0609375 0.1703125
4 0.29140625 0.1609375 0.0640625 0.0921875