4 0.3296875 0.14296875 0.11875 0.1734375
4 0.49453125 0.2671875 0.1078125 0.153125
4 0.26484375 0.2765625 0.1609375 0.275
4 0.43828125 0.40078125 0.1734375 0.2203125
4 0.45859375 0.5765625 0.2484375 0.221875
4 0.11875 0.57265625 0.2375 0.7234375
4 0.59453125 0.0828125 0.0640625 0.08125
4 0.465625 0.18359375 0.1125 0.1875
4 0.35 0.034375 0.078125 0.053125
4 0.4546875 0.0796875 0.08125 0.14375
3 0.81875 0.45546875 0.053125 0.1046875
3 0.80546875 0.375 0.040625 0.0609375
3 0.93984375 0.56484375 0.075 0.1296875
3 0.73125 0.22890625 0.028125 0.0390625
3 0.9140625 0.46875 0.05 0.0875
3 0.759375 0.21796875 0.028125 0.0546875
3 0.73203125 0.30234375 0.0390625 0.0640625
3 0.77734375 0.25390625 0.0203125 0.0328125
3 0.86875 0.36015625 0.04375 0.0796875
2 0.90078125 0.75078125 0.1953125 0.2359375
2 0.65546875 0.21875 0.0859375 0.071875
3 0.97890625 0.5328125 0.0421875 0.115625