4 0.6375 0.2515625 0.1875 0.271875
4 0.25625 0.45546875 0.18125 0.2859375
4 0.45078125 0.21484375 0.1203125 0.1671875
4 0.46953125 0.078125 0.0609375 0.090625
4 0.2984375 0.20078125 0.06875 0.109375
4 0.48671875 0.27109375 0.1046875 0.0703125
4 0.83359375 0.6109375 0.3328125 0.778125
4 0.41875 0.1359375 0.078125 0.075
4 0.5125 0.571875 0.321875 0.55
2 0.2671875 0.2875 0.090625 0.084375
3 0.203125 0.24296875 0.028125 0.0578125
3 0.146875 0.33046875 0.028125 0.0546875
3 0.01796875 0.559375 0.0359375 0.0875
3 0.23203125 0.1984375 0.0234375 0.034375