4 0.64375 0.790625 0.521875 0.415625
4 0.59375 0.19765625 0.125 0.1609375
4 0.1203125 0.753125 0.240625 0.490625
4 0.82734375 0.6125 0.3421875 0.64375
4 0.51328125 0.12421875 0.0953125 0.1296875
4 0.3 0.15234375 0.08125 0.1140625
4 0.4375 0.15234375 0.11875 0.1296875
4 0.24140625 0.28046875 0.1109375 0.1578125
4 0.46484375 0.06640625 0.0515625 0.0546875
4 0.51328125 0.44921875 0.2921875 0.4765625
2 0.23046875 0.415625 0.1265625 0.14375
2 0.16328125 0.26640625 0.0640625 0.0734375
2 0.07890625 0.55625 0.1578125 0.159375
3 0.11015625 0.44609375 0.0546875 0.0671875
3 0.084375 0.3640625 0.040625 0.053125
3 0.03046875 0.4625 0.0484375 0.065625