4 0.725 0.31953125 0.171875 0.1984375
4 0.4578125 0.1953125 0.146875 0.271875
4 0.4125 0.78828125 0.4625 0.4203125
4 0.2921875 0.1671875 0.14375 0.196875
4 0.6296875 0.1703125 0.0859375 0.10625
4 0.33359375 0.11171875 0.1140625 0.1609375
4 0.6203125 0.11328125 0.109375 0.1296875
4 0.88125 0.6875 0.2375 0.625
3 0.865625 0.253125 0.03125 0.05
3 0.69375 0.20234375 0.028125 0.0390625
3 0.87421875 0.3515625 0.046875 0.0625
4 0.4640625 0.034375 0.0875 0.0625
2 0.63671875 0.26015625 0.0515625 0.0765625