4 0.22421875 0.25546875 0.2515625 0.3484375
4 0.75 0.325 0.16875 0.203125
4 0.08671875 0.5796875 0.1734375 0.39375
4 0.4703125 0.1484375 0.096875 0.125
4 0.33671875 0.09453125 0.09375 0.1171875
4 0.6421875 0.17890625 0.09375 0.1296875
2 0.6640625 0.2609375 0.0984375 0.115625
4 0.3578125 0.05546875 0.084375 0.1109375
4 0.45234375 0.059375 0.06875 0.05625
4 0.45625 0.0234375 0.059375 0.046875
4 0.94609375 0.8734375 0.1046875 0.25
4 0.6046875 0.10234375 0.06875 0.0921875
2 0.53984375 0.04453125 0.0546875 0.0546875
2 0.559375 0.0765625 0.04375 0.04375
3 0.878125 0.5734375 0.06875 0.1125
3 0.825 0.4734375 0.05 0.096875
3 0.95859375 0.56015625 0.0671875 0.1046875
3 0.76640625 0.4984375 0.0578125 0.103125
3 0.840625 0.3515625 0.025 0.046875
3 0.9046875 0.46796875 0.0359375 0.0828125
4 0.45546875 0.675 0.53125 0.6484375