4 0.7828125 0.3890625 0.30625 0.371875
4 0.22734375 0.328125 0.1390625 0.190625
4 0.11796875 0.809375 0.2359375 0.378125
4 0.5859375 0.6125 0.325 0.390625
4 0.57890625 0.16875 0.1140625 0.1
1 0.5 0.3921875 0.228125 0.34375
4 0.2953125 0.18671875 0.0765625 0.1046875
4 0.57890625 0.246875 0.1015625 0.134375
4 0.16328125 0.4359375 0.1546875 0.234375
4 0.5203125 0.13203125 0.084375 0.1078125
4 0.62578125 0.30234375 0.0578125 0.1734375
2 0.91796875 0.73671875 0.1609375 0.3234375
2 0.159375 0.721875 0.15625 0.203125
4 0.44140625 0.1984375 0.0953125 0.065625
2 0.28125 0.2328125 0.075 0.06875
3 0.01484375 0.6140625 0.0296875 0.065625