0 0.36796875 0.88359375 0.0484375 0.0890625
0 0.465625 0.87734375 0.05 0.0953125
0 0.55625 0.578125 0.028125 0.04375
0 0.4078125 0.7328125 0.04375 0.075
0 0.23046875 0.90625 0.0671875 0.09375
0 0.69609375 0.57890625 0.0265625 0.0484375
0 0.759375 0.603125 0.021875 0.04375
0 0.87421875 0.6796875 0.0265625 0.059375
0 0.95625 0.6 0.034375 0.053125
0 0.90546875 0.53046875 0.0140625 0.0359375
0 0.80078125 0.56796875 0.0203125 0.0359375
0 0.7859375 0.58671875 0.01875 0.0359375
0 0.74140625 0.5671875 0.028125 0.0453125
0 0.85234375 0.53046875 0.0171875 0.034375