4 0.09453125 0.72421875 0.1890625 0.5140625
4 0.76640625 0.38203125 0.3234375 0.4265625
4 0.540625 0.59296875 0.3625 0.6859375
4 0.45625 0.19765625 0.14375 0.1265625
4 0.60390625 0.92890625 0.4421875 0.1390625
4 0.5390625 0.14765625 0.1125 0.1515625
3 0.11640625 0.33671875 0.0359375 0.0640625
4 0.284375 0.215625 0.0703125 0.0984375
3 0.25234375 0.1546875 0.0203125 0.03125
3 0.1625 0.31484375 0.0375 0.0578125
3 0.20703125 0.21484375 0.0171875 0.0390625
3 0.00703125 0.4625 0.0140625 0.0375
3 0.0546875 0.465625 0.05 0.025
3 0.00625 0.4015625 0.0125 0.05
3 0.27421875 0.15390625 0.0109375 0.0234375
2 0.2 0.45390625 0.1375 0.1515625
2 0.2453125 0.334375 0.103125 0.103125
4 0.24453125 0.25078125 0.096875 0.1046875
4 0.30390625 0.153125 0.0625 0.084375
1 0.27109375 0.08515625 0.0453125 0.0578125
4 0.42421875 0.11328125 0.08125 0.05