4 0.6671875 0.284375 0.23125 0.315625
4 0.465625 0.075 0.059375 0.084375
4 0.23359375 0.3375 0.1390625 0.19375
4 0.5609375 0.171875 0.1125 0.178125
4 0.56953125 0.6484375 0.4484375 0.703125
4 0.3046875 0.17578125 0.071875 0.0984375
4 0.46640625 0.2484375 0.1671875 0.1125
2 0.28671875 0.2375 0.0765625 0.071875
4 0.434375 0.15390625 0.109375 0.0921875
3 0.21328125 0.21171875 0.0265625 0.0390625
3 0.090625 0.38125 0.034375 0.059375
3 0.23671875 0.16640625 0.0140625 0.0265625
3 0.25390625 0.16171875 0.0171875 0.0265625