0 0.5328125 0.8109375 0.046875 0.078125
0 0.55625 0.578125 0.028125 0.04375
0 0.903125 0.57890625 0.01875 0.0390625
0 0.19140625 0.8953125 0.0421875 0.0875
0 0.725 0.72890625 0.025 0.0484375
0 0.83203125 0.57890625 0.0203125 0.0421875
0 0.721875 0.80625 0.0375 0.06875
0 0.684375 0.66328125 0.021875 0.0515625
0 0.8453125 0.97109375 0.025 0.0546875
0 0.75859375 0.6640625 0.0234375 0.05
0 0.3390625 0.79375 0.059375 0.06875
0 0.95546875 0.596875 0.0296875 0.05625
0 0.74921875 0.54296875 0.021875 0.046875
0 0.79453125 0.5421875 0.0171875 0.040625
0 0.6625 0.83984375 0.04375 0.0734375
0 0.6703125 0.75078125 0.03125 0.0515625