4 0.8859375 0.6609375 0.225 0.675
4 0.06484375 0.78359375 0.1296875 0.4296875
4 0.46953125 0.35546875 0.1640625 0.2546875
4 0.1359375 0.57578125 0.20625 0.3546875
4 0.44296875 0.20859375 0.0953125 0.0609375
4 0.51640625 0.1265625 0.0859375 0.121875
4 0.41796875 0.10625 0.0578125 0.071875
4 0.60703125 0.2140625 0.16875 0.225
1 0.76953125 0.41484375 0.2765625 0.3671875
4 0.453125 0.05625 0.0390625 0.0484375
3 0.13203125 0.32734375 0.0359375 0.0546875
3 0.028125 0.4734375 0.046875 0.078125
3 0.215625 0.2296875 0.028125 0.0625
2 0.409375 0.6125 0.175 0.175
4 0.259375 0.253125 0.096875 0.13125
2 0.1734375 0.3890625 0.11875 0.059375
4 0.3109375 0.12265625 0.0640625 0.0875