3 0.01015625 0.2875 0.0203125 0.040625
3 0.990625 0.26796875 0.015625 0.0484375
2 0.14453125 0.25078125 0.0671875 0.0484375
2 0.8140625 0.16171875 0.025 0.0265625
2 0.8546875 0.21015625 0.046875 0.0453125
2 0.840625 0.2 0.0375 0.034375
4 0.075 0.3671875 0.15 0.165625
4 0.52578125 0.4125 0.1484375 0.2
4 0.734375 0.45859375 0.203125 0.2984375
4 0.69375 0.7625 0.284375 0.4140625
4 0.975 0.44921875 0.046875 0.2046875
4 0.6671875 0.17265625 0.065625 0.0703125
1 0.92734375 0.2609375 0.1140625 0.146875
4 0.63984375 0.2234375 0.0828125 0.103125
2 0.95 0.353125 0.084375 0.103125
4 0.72734375 0.27890625 0.1953125 0.1484375
4 0.75546875 0.2015625 0.0546875 0.053125
4 0.740625 0.1453125 0.053125 0.034375
4 0.83984375 0.16953125 0.0328125 0.0453125
4 0.4171875 0.18828125 0.078125 0.1
4 0.7515625 0.16484375 0.046875 0.0203125
4 0.28828125 0.2140625 0.059375 0.0765625
4 0.5140625 0.24609375 0.1328125 0.1578125