4 0.29296875 0.159375 0.0859375 0.109375
4 0.04453125 0.6796875 0.0890625 0.40625
4 0.6 0.10625 0.065625 0.084375
4 0.45625 0.23359375 0.115625 0.1515625
4 0.56171875 0.040625 0.0734375 0.08125
4 0.35703125 0.0515625 0.0640625 0.0859375
4 0.33359375 0.08359375 0.0828125 0.1140625
3 0.9140625 0.515625 0.065625 0.115625
3 0.7515625 0.153125 0.021875 0.0375
3 0.8265625 0.21796875 0.034375 0.0453125
3 0.8125 0.29296875 0.040625 0.0671875
3 0.684375 0.1859375 0.025 0.0484375
3 0.6421875 0.2078125 0.028125 0.05
3 0.7484375 0.234375 0.03125 0.0609375
3 0.771875 0.2578125 0.034375 0.065625
3 0.71953125 0.203125 0.034375 0.05625
4 0.46640625 0.6125 0.3640625 0.61875
4 0.45625 0.0875 0.078125 0.14375
4 0.47265625 0.1734375 0.1 0.1453125