4 0.07421875 0.8 0.1484375 0.396875
4 0.9375 0.73828125 0.121875 0.5203125
4 0.18515625 0.3828125 0.1359375 0.221875
4 0.66640625 0.26640625 0.2171875 0.2921875
4 0.6390625 0.790625 0.490625 0.415625
4 0.26015625 0.26015625 0.1046875 0.1453125
4 0.465625 0.28125 0.11875 0.1125
4 0.3921875 0.59375 0.3109375 0.51875
4 0.525 0.1375 0.078125 0.10625
4 0.503125 0.4375 0.159375 0.26875
3 0.028125 0.50703125 0.046875 0.0890625
3 0.09140625 0.41484375 0.0390625 0.0640625
3 0.10859375 0.3046875 0.0296875 0.046875
3 0.02421875 0.44609375 0.0390625 0.0515625
4 0.41953125 0.11015625 0.0671875 0.0875
4 0.31015625 0.14609375 0.0515625 0.08125
4 0.48125 0.09140625 0.0515625 0.065625
4 0.4546875 0.19609375 0.1078125 0.0703125