4 0.59609375 0.19296875 0.1546875 0.2046875
4 0.5015625 0.284375 0.20625 0.15625
4 0.28359375 0.17578125 0.0953125 0.1515625
4 0.653125 0.67734375 0.515625 0.6421875
4 0.50859375 0.12734375 0.0828125 0.1046875
4 0.0828125 0.78046875 0.165625 0.4359375
4 0.43828125 0.2 0.1265625 0.225
3 0.09453125 0.36328125 0.0359375 0.0640625
3 0.0515625 0.43515625 0.0375 0.0703125
3 0.12421875 0.33828125 0.0328125 0.0515625
3 0.13984375 0.30390625 0.0296875 0.0421875
3 0.165625 0.2828125 0.01875 0.040625
1 0.23203125 0.2640625 0.1359375 0.159375