4 0.86015625 0.64609375 0.2765625 0.7046875
4 0.684375 0.31953125 0.184375 0.2484375
4 0.6203125 0.7734375 0.321875 0.440625
4 0.47578125 0.56953125 0.2390625 0.3109375
4 0.4796875 0.35625 0.16875 0.196875
4 0.44453125 0.19765625 0.1203125 0.1359375
4 0.60703125 0.23984375 0.0984375 0.1359375
4 0.53515625 0.1421875 0.0734375 0.11875
4 0.571875 0.20234375 0.10625 0.1078125
4 0.453125 0.053125 0.0375 0.046875
4 0.2703125 0.2109375 0.109375 0.14375
3 0.0265625 0.44765625 0.05 0.0765625
3 0.10546875 0.384375 0.0453125 0.071875
3 0.1421875 0.33359375 0.0375 0.0546875
3 0.2515625 0.11171875 0.015625 0.0203125
3 0.3140625 0.06015625 0.0125 0.0171875
2 0.09296875 0.86875 0.1859375 0.259375
2 0.1796875 0.459375 0.153125 0.165625
2 0.225 0.34296875 0.109375 0.1046875
2 0.16796875 0.25 0.0765625 0.075
4 0.25390625 0.26953125 0.0890625 0.140625