4 0.2578125 0.221875 0.2203125 0.3125
4 0.11796875 0.43515625 0.2359375 0.3484375
4 0.4734375 0.1546875 0.1125 0.171875
4 0.87109375 0.534375 0.2546875 0.303125
4 0.66015625 0.2078125 0.1140625 0.146875
4 0.6421875 0.13984375 0.1125 0.1328125
4 0.446875 0.65625 0.465625 0.684375
4 0.43671875 0.05859375 0.0578125 0.0828125
4 0.34296875 0.084375 0.0765625 0.115625
3 0.7765625 0.3203125 0.0375 0.05
3 0.734375 0.27265625 0.021875 0.0421875
3 0.84296875 0.33828125 0.0234375 0.0421875
3 0.7953125 0.30546875 0.025 0.0421875
2 0.72421875 0.375 0.1390625 0.125
2 0.4515625 0.27890625 0.11875 0.0859375
2 0.53515625 0.0546875 0.0390625 0.034375
4 0.05234375 0.6828125 0.1046875 0.515625