3 0.28359375 0.2046875 0.0171875 0.028125
4 0.74765625 0.1625 0.0609375 0.053125
2 0.9640625 0.4 0.06875 0.09375
2 0.65 0.23125 0.04375 0.040625
4 0.40546875 0.5140625 0.3703125 0.478125
4 0.75703125 0.234375 0.0828125 0.1125
4 0.20859375 0.2734375 0.0828125 0.1125
4 0.928125 0.2671875 0.109375 0.140625
4 0.73125 0.35859375 0.146875 0.1453125
4 0.67109375 0.184375 0.0546875 0.0609375
4 0.08671875 0.334375 0.1734375 0.228125
4 0.84375 0.18671875 0.046875 0.0640625
4 0.69765625 0.71171875 0.4546875 0.5734375
4 0.54609375 0.2203125 0.0953125 0.1390625
2 0.81328125 0.18125 0.0203125 0.040625
4 0.43515625 0.20390625 0.0484375 0.0546875
1 0.81796875 0.1515625 0.0421875 0.0578125
4 0.8703125 0.2296875 0.046875 0.078125
4 0.35390625 0.22421875 0.1234375 0.1140625
4 0.43203125 0.1484375 0.0734375 0.0609375
4 0.67109375 0.1546875 0.053125 0.075