4 0.13984375 0.38359375 0.2796875 0.290625
4 0.0796875 0.67109375 0.159375 0.3796875
4 0.23203125 0.25 0.190625 0.221875
4 0.4 0.63671875 0.534375 0.7234375
4 0.46484375 0.0828125 0.1109375 0.084375
4 0.615625 0.09453125 0.10625 0.1328125
4 0.2890625 0.1359375 0.15 0.196875
4 0.553125 0.04609375 0.053125 0.0703125
4 0.35703125 0.0859375 0.0828125 0.109375
2 0.6234375 0.15 0.0875 0.103125
3 0.971875 0.49765625 0.053125 0.1078125
3 0.9078125 0.41953125 0.05 0.0921875
3 0.8703125 0.37734375 0.046875 0.0703125
3 0.8203125 0.38359375 0.046875 0.0796875
3 0.8 0.27109375 0.0375 0.0484375
1 0.69140625 0.22578125 0.1796875 0.1984375
1 0.48125 0.225 0.190625 0.134375