0 0.95390625 0.78828125 0.0859375 0.1421875
0 0.33671875 0.78359375 0.0765625 0.1265625
0 0.51484375 0.7828125 0.0734375 0.125
0 0.45078125 0.57265625 0.0609375 0.1015625
0 0.61328125 0.6796875 0.0609375 0.121875
0 0.83359375 0.609375 0.0609375 0.1
0 0.56875 0.47265625 0.0375 0.0765625
0 0.7984375 0.48671875 0.04375 0.0828125
0 0.021875 0.4765625 0.04375 0.084375
0 0.62109375 0.4671875 0.0453125 0.08125
0 0.5234375 0.4890625 0.04375 0.075
0 0.70390625 0.3765625 0.0421875 0.06875
0 0.73984375 0.46640625 0.0453125 0.0765625
0 0.578125 0.28125 0.034375 0.05625
0 0.1046875 0.371875 0.028125 0.071875
0 0.39375 0.36796875 0.0375 0.0734375
0 0.41640625 0.47265625 0.0421875 0.0890625
0 0.22109375 0.56953125 0.0546875 0.1421875
0 0.215625 0.28125 0.028125 0.0625
0 0.6421875 0.37421875 0.0375 0.0671875
0 0.765625 0.3703125 0.025 0.059375
0 0.79765625 0.37890625 0.0390625 0.0609375
0 0.9453125 0.665625 0.075 0.115625
0 0.29296875 0.32421875 0.0359375 0.0640625