4 0.61015625 0.209375 0.1484375 0.2125
4 0.0421875 0.3484375 0.084375 0.1625
4 0.09453125 0.7453125 0.1890625 0.453125
4 0.49921875 0.43984375 0.2765625 0.4546875
4 0.5 0.1109375 0.084375 0.115625
4 0.446875 0.19375 0.125 0.153125
4 0.27265625 0.209375 0.0765625 0.096875
4 0.18359375 0.390625 0.1703125 0.24375
3 0.21640625 0.2328125 0.0234375 0.04375
2 0.26640625 0.30703125 0.0703125 0.0953125
2 0.2796875 0.2609375 0.078125 0.075
4 0.5984375 0.80859375 0.434375 0.3828125
1 0.2875 0.071875 0.0546875 0.0515625
4 0.31171875 0.134375 0.0578125 0.0828125
4 0.29765625 0.1828125 0.059375 0.08125
4 0.4203125 0.10078125 0.075 0.04375