4 0.87265625 0.5984375 0.2515625 0.375
4 0.7421875 0.3625 0.159375 0.178125
1 0.27109375 0.16796875 0.1265625 0.203125
4 0.66484375 0.2265625 0.121875 0.153125
4 0.1890625 0.31796875 0.221875 0.2375
4 0.61484375 0.11484375 0.0828125 0.0984375
4 0.46328125 0.1453125 0.1203125 0.190625
4 0.446875 0.02421875 0.046875 0.0484375
3 0.8421875 0.3609375 0.04375 0.059375
3 0.76484375 0.25625 0.0296875 0.040625
4 0.41796875 0.62734375 0.4046875 0.7421875
2 0.0359375 0.0359375 0.040625 0.034375
2 0.48671875 0.23046875 0.0828125 0.0734375
2 0.5 0.02421875 0.034375 0.0328125
4 0.33203125 0.0953125 0.078125 0.1
4 0.33359375 0.0265625 0.0671875 0.053125