3 0.85390625 0.23828125 0.0171875 0.0296875
3 0.98828125 0.28359375 0.0203125 0.0328125
2 0.97265625 0.42734375 0.0515625 0.0765625
2 0.6515625 0.340625 0.071875 0.059375
2 0.92578125 0.32421875 0.0609375 0.0546875
2 0.24296875 0.30546875 0.0671875 0.0703125
2 0.55078125 0.2 0.0296875 0.025
2 0.890625 0.278125 0.05625 0.046875
2 0.54140625 0.17734375 0.0265625 0.0234375
2 0.990625 0.52109375 0.015625 0.0734375
4 0.74453125 0.45703125 0.1296875 0.1953125
4 0.41171875 0.57578125 0.4046875 0.5109375
4 0.05546875 0.39609375 0.1109375 0.1984375
4 0.6609375 0.20546875 0.059375 0.1015625
4 0.15625 0.34140625 0.1 0.1109375
4 0.196875 0.82265625 0.39375 0.3515625
4 0.690625 0.8140625 0.309375 0.36875
4 0.76171875 0.27109375 0.0890625 0.1359375
4 0.8921875 0.2546875 0.065625 0.09375
4 0.43515625 0.23125 0.0765625 0.084375
4 0.840625 0.2078125 0.046875 0.05625
4 0.3765625 0.228125 0.06875 0.0875
4 0.74375 0.17578125 0.05 0.0640625
4 0.79921875 0.1703125 0.0328125 0.0375
4 0.6828125 0.171875 0.040625 0.071875