4 0.22890625 0.2453125 0.234375 0.3390625
4 0.0703125 0.7234375 0.140625 0.55
4 0.45234375 0.8078125 0.3640625 0.384375
4 0.446875 0.15078125 0.128125 0.1796875
4 0.46640625 0.41875 0.2484375 0.365625
4 0.3578125 0.05078125 0.0484375 0.0640625
4 0.4484375 0.0328125 0.08125 0.065625
3 0.9328125 0.72890625 0.08125 0.1578125
3 0.67265625 0.25625 0.0328125 0.059375
3 0.63984375 0.1390625 0.025 0.0421875
3 0.925 0.575 0.06875 0.1125
3 0.73828125 0.26328125 0.0390625 0.0625
3 0.6921875 0.1734375 0.021875 0.0328125
1 0.55234375 0.0484375 0.0828125 0.0875