4 0.68046875 0.2984375 0.1734375 0.2125
4 0.14609375 0.55078125 0.2921875 0.4421875
4 0.88984375 0.55859375 0.2171875 0.2765625
4 0.46171875 0.20234375 0.1328125 0.0734375
4 0.57265625 0.175 0.1265625 0.1625
4 0.50390625 0.1125 0.0734375 0.109375
4 0.23515625 0.30703125 0.1328125 0.1359375
4 0.4953125 0.40390625 0.2171875 0.3484375
4 0.44140625 0.14765625 0.1015625 0.0484375
3 0.08828125 0.3203125 0.0328125 0.034375
3 0.15078125 0.3171875 0.0390625 0.034375
3 0.00859375 0.51796875 0.0171875 0.0765625
4 0.43359375 0.10234375 0.08125 0.05625