4 0.10078125 0.74921875 0.2015625 0.4984375
4 0.83515625 0.5734375 0.3296875 0.7015625
4 0.2796875 0.2125 0.0796875 0.1171875
4 0.2390625 0.275 0.11875 0.16875
4 0.1828125 0.5421875 0.1859375 0.209375
4 0.64375 0.65703125 0.51875 0.6859375
4 0.48125 0.3078125 0.19375 0.2515625
4 0.5734375 0.2015625 0.075 0.0984375
3 0.07265625 0.28671875 0.0171875 0.0296875
4 0.2 0.375 0.15 0.1796875
4 0.415625 0.1203125 0.0734375 0.1171875
4 0.5171875 0.13828125 0.0828125 0.1
4 0.4671875 0.06953125 0.05625 0.075