4 0.58671875 0.71796875 0.3046875 0.5015625
4 0.48359375 0.3796875 0.2015625 0.290625
4 0.65546875 0.28671875 0.2140625 0.3203125
4 0.2359375 0.24375 0.15 0.16875
4 0.50078125 0.10703125 0.0890625 0.1171875
4 0.534375 0.16796875 0.084375 0.1140625
1 0.82734375 0.46640625 0.3421875 0.4203125
4 0.1640625 0.48359375 0.2640625 0.4109375
2 0.94296875 0.8140625 0.1109375 0.353125
3 0.01171875 0.5046875 0.0234375 0.078125
3 0.1140625 0.32421875 0.034375 0.0578125
3 0.09296875 0.390625 0.0359375 0.034375
3 0.05 0.434375 0.05 0.06875