4 0.93515625 0.6640625 0.1265625 0.390625
4 0.4671875 0.2375 0.125 0.1375
4 0.49375 0.1046875 0.084375 0.109375
4 0.54140625 0.5453125 0.3015625 0.478125
4 0.41796875 0.375 0.1609375 0.215625
4 0.26640625 0.253125 0.1078125 0.121875
4 0.26875 0.18828125 0.1125 0.1109375
4 0.428125 0.18125 0.09375 0.121875
2 0.24765625 0.478125 0.1453125 0.1625
3 0.06015625 0.48828125 0.0546875 0.0859375
3 0.021875 0.6140625 0.04375 0.103125
3 0.16953125 0.27109375 0.0328125 0.0484375
3 0.1953125 0.26015625 0.025 0.0421875