0 0.7453125 0.57421875 0.05 0.1203125
0 0.31796875 0.71484375 0.0578125 0.1109375
0 0.05859375 0.25078125 0.0546875 0.0734375
0 0.35234375 0.41171875 0.0421875 0.1015625
0 0.5296875 0.75 0.075 0.14375
0 0.82734375 0.36875 0.0546875 0.090625
0 0.50625 0.41796875 0.0375 0.0921875
0 0.871875 0.18671875 0.046875 0.0734375
0 0.66796875 0.290625 0.0453125 0.084375
0 0.309375 0.2734375 0.034375 0.071875
0 0.80546875 0.24765625 0.0296875 0.0640625
0 0.87265625 0.56640625 0.0421875 0.1078125
0 0.28359375 0.20546875 0.0296875 0.0609375
0 0.94765625 0.36640625 0.0484375 0.0765625
0 0.94609375 0.54375 0.0546875 0.109375
0 0.16640625 0.19609375 0.0359375 0.0703125
0 0.49921875 0.18125 0.0328125 0.06875
0 0.73515625 0.11640625 0.0484375 0.0359375
0 0.375 0.175 0.028125 0.065625
0 0.578125 0.25078125 0.0375 0.0703125
0 0.5734375 0.18828125 0.03125 0.0640625
0 0.63203125 0.2515625 0.0328125 0.0625