3 0.32578125 0.215625 0.0109375 0.021875
3 0.26875 0.23046875 0.015625 0.0234375
1 0.69296875 0.23515625 0.1078125 0.1046875
4 0.6734375 0.18203125 0.071875 0.0890625
1 0.88203125 0.2234375 0.0796875 0.096875
2 0.26171875 0.33984375 0.0765625 0.0484375
2 0.31875 0.26796875 0.0625 0.0546875
2 0.75078125 0.37109375 0.0828125 0.0796875
2 0.771875 0.56484375 0.15625 0.1421875
2 0.83046875 0.22265625 0.0265625 0.0328125
4 0.359375 0.61328125 0.45625 0.5859375
4 0.1609375 0.284375 0.175 0.15625
4 0.38671875 0.20390625 0.0921875 0.1109375
4 0.0921875 0.40546875 0.184375 0.18125
4 0.9515625 0.35078125 0.09375 0.1296875
4 0.74453125 0.29453125 0.0703125 0.1078125
4 0.76796875 0.58828125 0.1890625 0.2453125
4 0.9015625 0.27109375 0.06875 0.0859375
4 0.44921875 0.18828125 0.0390625 0.0609375
4 0.74296875 0.15390625 0.0421875 0.0515625
1 0.82109375 0.17578125 0.0453125 0.0578125
4 0.75234375 0.21171875 0.0578125 0.0625