4 0.2234375 0.25703125 0.2 0.2234375
4 0.33203125 0.07578125 0.0546875 0.0734375
3 0.64453125 0.1640625 0.0234375 0.040625
3 0.6 0.121875 0.021875 0.0296875
3 0.709375 0.171875 0.0296875 0.046875
3 0.7484375 0.2203125 0.028125 0.04375
3 0.89765625 0.265625 0.0296875 0.053125
3 0.62734375 0.1109375 0.0140625 0.021875
3 0.678125 0.1484375 0.01875 0.03125
1 0.846875 0.41171875 0.303125 0.3484375
4 0.45234375 0.6671875 0.478125 0.6640625
4 0.47578125 0.23671875 0.1703125 0.2234375
4 0.55546875 0.053125 0.0546875 0.0625
4 0.353125 0.04375 0.0625 0.0875