4 0.51484375 0.1234375 0.1015625 0.134375
4 0.21875 0.3546875 0.1375 0.2
4 0.52265625 0.4609375 0.1890625 0.2375
4 0.42578125 0.16640625 0.0890625 0.1265625
4 0.26796875 0.24453125 0.1015625 0.1328125
4 0.90703125 0.575 0.1828125 0.225
1 0.69609375 0.77578125 0.6046875 0.4453125
1 0.69140625 0.30859375 0.2234375 0.2546875
2 0.1453125 0.5453125 0.1625 0.15
2 0.77890625 0.4796875 0.1703125 0.178125
3 0.0234375 0.56015625 0.046875 0.0890625
3 0.13125 0.34140625 0.034375 0.0609375
3 0.134375 0.29375 0.03125 0.028125
3 0.0625 0.45078125 0.04375 0.0765625
3 0.04375 0.41015625 0.04375 0.0703125