2 0.840625 0.04921875 0.028125 0.0359375
2 0.82109375 0.0375 0.0359375 0.0375
4 0.15390625 0.10546875 0.2203125 0.2078125
4 0.409375 0.390625 0.41875 0.509375
4 0.63359375 0.04140625 0.1140625 0.0828125
4 0.590625 0.75703125 0.459375 0.4828125
1 0.609375 0.1328125 0.1375 0.16875
4 0.03515625 0.12109375 0.0703125 0.1015625
4 0.95625 0.221875 0.0875 0.28125
4 0.8828125 0.059375 0.059375 0.090625
4 0.7515625 0.02890625 0.075 0.0578125
4 0.39609375 0.05390625 0.1265625 0.1078125
1 0.91640625 0.0828125 0.0859375 0.1125
4 0.3203125 0.046875 0.05625 0.09375
4 0.7578125 0.1375 0.13125 0.165625
4 0.9234375 0.1359375 0.06875 0.10625
4 0.76015625 0.340625 0.2171875 0.36875