4 0.13203125 0.38203125 0.1921875 0.2171875
4 0.421875 0.546875 0.21875 0.353125
4 0.67578125 0.228125 0.1015625 0.1359375
4 0.4734375 0.33359375 0.165625 0.2484375
4 0.27578125 0.17734375 0.1421875 0.1890625
4 0.58984375 0.07109375 0.0859375 0.0953125
4 0.34375 0.0578125 0.0765625 0.115625
4 0.321875 0.11015625 0.0875 0.1203125
4 0.46875 0.14140625 0.11875 0.1640625
4 0.4515625 0.0296875 0.065625 0.059375
3 0.90234375 0.45234375 0.0578125 0.1046875
3 0.778125 0.4828125 0.05625 0.10625
3 0.759375 0.1484375 0.025 0.0390625
3 0.871875 0.37421875 0.04375 0.0828125
3 0.76875 0.26015625 0.03125 0.065625
3 0.978125 0.5390625 0.04375 0.121875
3 0.73671875 0.2171875 0.0265625 0.053125
3 0.65546875 0.11171875 0.0171875 0.0265625
3 0.67734375 0.13125 0.0234375 0.040625
3 0.80390625 0.43046875 0.0609375 0.0921875
3 0.80703125 0.32734375 0.04375 0.0546875
2 0.59453125 0.12578125 0.0609375 0.0578125