3 0.2046875 0.221875 0.01875 0.0375
3 0.31953125 0.2125 0.0296875 0.040625
3 0.15703125 0.2359375 0.0203125 0.03125
3 0.09140625 0.2609375 0.0234375 0.0375
3 0.2359375 0.20234375 0.0125 0.0234375
3 0.29375 0.18671875 0.015625 0.0234375
3 0.2765625 0.19375 0.015625 0.025
1 0.9515625 0.3453125 0.09375 0.215625
2 0.53203125 0.18671875 0.0953125 0.0328125
2 0.33125 0.18046875 0.040625 0.0359375
2 0.853125 0.2109375 0.028125 0.0375
4 0.1875 0.84609375 0.375 0.3046875
1 0.39765625 0.16640625 0.0765625 0.0859375
4 0.72421875 0.36171875 0.2328125 0.159375
4 0.975 0.4765625 0.046875 0.15
4 0.64921875 0.2078125 0.0796875 0.1
4 0.88671875 0.21953125 0.0484375 0.0578125
4 0.69609375 0.66796875 0.3265625 0.4734375
4 0.6734375 0.90625 0.365625 0.184375
4 0.76328125 0.25859375 0.0828125 0.0546875
4 0.73828125 0.271875 0.0921875 0.028125
4 0.59609375 0.28203125 0.1140625 0.1109375
4 0.75234375 0.1859375 0.0671875 0.05625
4 0.74609375 0.2140625 0.0640625 0.034375
2 0.90078125 0.265625 0.0515625 0.0625
4 0.6296875 0.246875 0.071875 0.09375
4 0.4234375 0.48671875 0.371875 0.446875