4 0.828125 0.60859375 0.340625 0.7796875
4 0.53046875 0.51953125 0.1890625 0.2796875
4 0.12109375 0.6484375 0.2421875 0.59375
4 0.59140625 0.228125 0.1390625 0.146875
4 0.27421875 0.21875 0.0796875 0.11875
4 0.53046875 0.13203125 0.1234375 0.1421875
4 0.6609375 0.31171875 0.103125 0.1890625
1 0.43671875 0.16796875 0.0953125 0.1328125
2 0.46328125 0.36640625 0.1109375 0.1234375
2 0.25546875 0.41953125 0.0578125 0.1296875
4 0.23828125 0.28203125 0.10625 0.1390625
4 0.46015625 0.24453125 0.1015625 0.1265625
4 0.6546875 0.8203125 0.5375 0.359375