4 0.14453125 0.7640625 0.2890625 0.46875
4 0.665625 0.278125 0.190625 0.240625
4 0.44609375 0.22421875 0.1265625 0.2359375
4 0.56484375 0.1828125 0.1234375 0.18125
4 0.26953125 0.2234375 0.0828125 0.109375
1 0.22890625 0.30703125 0.1375 0.19375
4 0.48515625 0.0984375 0.0671875 0.1015625
4 0.296875 0.16015625 0.08125 0.1015625
4 0.46796875 0.0703125 0.06875 0.071875
4 0.41171875 0.1078125 0.0765625 0.090625
3 0.1171875 0.41875 0.0375 0.05625
3 0.05390625 0.44140625 0.0421875 0.0671875
3 0.03515625 0.36796875 0.0328125 0.0609375
3 0.153125 0.29609375 0.025 0.0578125
3 0.01328125 0.4640625 0.0265625 0.096875
4 0.16875 0.50234375 0.146875 0.1609375
2 0.21875 0.4265625 0.13125 0.134375
2 0.97421875 0.95234375 0.0484375 0.0921875
4 0.5578125 0.9546875 0.403125 0.0875
3 0.09765625 0.37265625 0.0234375 0.05625