4 0.88359375 0.70078125 0.2296875 0.4453125
4 0.18359375 0.43828125 0.1765625 0.2546875
4 0.55546875 0.61171875 0.4203125 0.7734375
4 0.65546875 0.28125 0.2234375 0.30625
4 0.07890625 0.890625 0.1578125 0.215625
4 0.42734375 0.15546875 0.0984375 0.1484375
4 0.2640625 0.22109375 0.096875 0.0796875
4 0.24296875 0.30703125 0.1171875 0.1703125
3 0.18515625 0.259375 0.0265625 0.046875
3 0.10546875 0.69140625 0.0734375 0.1234375
3 0.01640625 0.578125 0.0328125 0.071875
3 0.01328125 0.68359375 0.0265625 0.1046875
3 0.06875 0.73671875 0.078125 0.1046875
3 0.06796875 0.76875 0.0765625 0.04375
4 0.5515625 0.16484375 0.1 0.1203125
4 0.52109375 0.13203125 0.075 0.096875
4 0.29296875 0.1703125 0.0640625 0.0984375