4 0.68203125 0.303125 0.2296875 0.246875
4 0.55390625 0.18515625 0.0859375 0.1171875
4 0.459375 0.271875 0.14375 0.178125
4 0.5953125 0.81484375 0.34375 0.3671875
4 0.27578125 0.21640625 0.0828125 0.1203125
4 0.21796875 0.5984375 0.3078125 0.5125
4 0.48515625 0.08203125 0.0640625 0.0953125
1 0.0921875 0.4203125 0.184375 0.359375
3 0.1921875 0.25703125 0.028125 0.0484375
2 0.25234375 0.290625 0.0921875 0.109375
2 0.5046875 0.15625 0.01875 0.040625
4 0.30546875 0.14453125 0.0515625 0.075
4 0.4296875 0.16640625 0.0984375 0.1546875