4 0.7171875 0.3359375 0.203125 0.26875
4 0.1609375 0.51875 0.2125 0.321875
4 0.5546875 0.665625 0.246875 0.4359375
4 0.2765625 0.22109375 0.0875 0.1203125
4 0.228125 0.290625 0.1125 0.10625
4 0.5015625 0.440625 0.221875 0.2609375
3 0.13984375 0.3234375 0.0296875 0.053125
3 0.209375 0.22578125 0.021875 0.0390625
3 0.021875 0.39453125 0.04375 0.0640625
2 0.59453125 0.25 0.0515625 0.065625
2 0.275 0.409375 0.053125 0.103125
4 0.4375 0.1640625 0.0859375 0.125
4 0.5265625 0.1484375 0.078125 0.1
4 0.68359375 0.94296875 0.3796875 0.1140625