4 0.6125 0.221875 0.13125 0.159375
4 0.91484375 0.8234375 0.1671875 0.35
4 0.2703125 0.19609375 0.1125 0.1421875
4 0.7765625 0.4296875 0.215625 0.278125
4 0.596875 0.05703125 0.0375 0.0546875
4 0.48984375 0.1015625 0.0546875 0.071875
4 0.615625 0.62265625 0.45 0.7515625
4 0.465625 0.23125 0.11875 0.05
4 0.4203125 0.134375 0.084375 0.146875
4 0.4578125 0.0609375 0.04375 0.059375
2 0.53359375 0.14921875 0.0515625 0.0546875
1 0.28203125 0.09921875 0.0609375 0.0421875
3 0.10546875 0.43046875 0.0453125 0.0828125
3 0.02578125 0.55234375 0.0515625 0.0921875