4 0.16796875 0.3265625 0.3359375 0.4671875
4 0.31796875 0.1515625 0.1171875 0.20625
4 0.471875 0.23203125 0.1984375 0.1359375
4 0.45859375 0.64140625 0.4046875 0.7171875
4 0.56875 0.06796875 0.059375 0.0765625
1 0.29453125 0.03203125 0.0734375 0.0640625
4 0.46015625 0.10859375 0.1109375 0.1296875
3 0.83984375 0.45390625 0.0515625 0.096875
3 0.68046875 0.18203125 0.0265625 0.0453125
3 0.91171875 0.54609375 0.0578125 0.1140625
3 0.95234375 0.82421875 0.0859375 0.1640625
3 0.77421875 0.25625 0.03125 0.0609375
3 0.7078125 0.2171875 0.03125 0.05625
3 0.87421875 0.37421875 0.05 0.0828125
3 0.66640625 0.1375 0.0203125 0.03125
3 0.953125 0.6359375 0.06875 0.128125
3 0.9328125 0.44921875 0.059375 0.1
1 0.59453125 0.10078125 0.0734375 0.0890625
2 0.7296875 0.36875 0.14375 0.125
4 0.44921875 0.02421875 0.053125 0.0484375