4 0.871875 0.64453125 0.253125 0.7078125
4 0.60625 0.23671875 0.14375 0.1890625
4 0.20390625 0.38515625 0.1515625 0.2390625
4 0.6140625 0.68125 0.53125 0.634375
4 0.4578125 0.3046875 0.121875 0.1625
4 0.50234375 0.11484375 0.0796875 0.1171875
4 0.43125 0.1609375 0.096875 0.128125
4 0.2625 0.26953125 0.1 0.1203125
3 0.05 0.47890625 0.053125 0.0828125
3 0.0765625 0.42109375 0.040625 0.0640625
3 0.009375 0.52734375 0.01875 0.0796875
2 0.1 0.74375 0.2 0.28125
4 0.5421875 0.178125 0.0921875 0.0921875
4 0.26875 0.12109375 0.0546875 0.053125
4 0.3 0.14453125 0.0484375 0.053125