4 0.890625 0.5875 0.21875 0.365625
4 0.30625 0.1296875 0.1140625 0.1625
4 0.0953125 0.6578125 0.190625 0.684375
4 0.4203125 0.325 0.134375 0.19375
2 0.70703125 0.29140625 0.1359375 0.1515625
4 0.4765625 0.20078125 0.1390625 0.20625
4 0.665625 0.20703125 0.11875 0.1484375
4 0.3625 0.0546875 0.06875 0.109375
4 0.5640625 0.059375 0.05625 0.071875
4 0.0359375 0.059375 0.0703125 0.096875
4 0.459375 0.05625 0.0875 0.0890625
3 0.82265625 0.340625 0.0328125 0.05
3 0.8734375 0.384375 0.040625 0.046875
3 0.79765625 0.30703125 0.0265625 0.0421875
4 0.51640625 0.70703125 0.659375 0.5828125
2 0.22578125 0.30859375 0.1265625 0.1234375
2 0.77578125 0.43203125 0.1515625 0.1609375