0 0.10234375 0.8625 0.0765625 0.146875
0 0.1015625 0.6515625 0.06875 0.10625
0 0.3875 0.5265625 0.05 0.090625
0 0.45078125 0.55390625 0.0578125 0.0984375
0 0.79609375 0.35625 0.0359375 0.06875
0 0.571875 0.27890625 0.025 0.0515625
0 0.734375 0.3734375 0.040625 0.065625
0 0.51328125 0.51328125 0.0453125 0.0859375
0 0.95234375 0.39921875 0.0390625 0.0703125
0 0.53515625 0.39609375 0.0390625 0.0703125
0 0.44765625 0.39453125 0.0390625 0.0640625
0 0.62734375 0.465625 0.0359375 0.071875
0 0.9046875 0.365625 0.0375 0.06875
0 0.6140625 0.246875 0.021875 0.046875
0 0.7015625 0.284375 0.021875 0.05
0 0.63671875 0.27265625 0.0265625 0.0515625
0 0.6765625 0.50078125 0.05 0.0890625
0 0.67109375 0.37265625 0.0390625 0.0671875
0 0.67734375 0.22578125 0.0234375 0.0453125
0 0.9140625 0.25546875 0.028125 0.0515625
0 0.64140625 0.37421875 0.0359375 0.0515625
0 0.48203125 0.47890625 0.0328125 0.0734375
0 0.71484375 0.465625 0.0390625 0.08125
0 0.76875 0.22578125 0.028125 0.0484375