4 0.8703125 0.65703125 0.25625 0.6828125
4 0.13046875 0.65859375 0.2359375 0.4140625
4 0.240625 0.30078125 0.13125 0.1828125
4 0.690625 0.43828125 0.1375 0.2453125
4 0.559375 0.1765625 0.128125 0.15625
4 0.1703125 0.38515625 0.146875 0.1515625
4 0.44921875 0.23515625 0.1078125 0.1546875
4 0.6 0.8 0.30625 0.396875
4 0.3234375 0.128125 0.05 0.059375
1 0.4234375 0.1484375 0.084375 0.11875
2 0.6109375 0.2875 0.103125 0.103125
2 0.2984375 0.196875 0.059375 0.059375
2 0.30234375 0.1640625 0.0546875 0.046875