4 0.21171875 0.31796875 0.2515625 0.3109375
4 0.45390625 0.41796875 0.2546875 0.3765625
4 0.375 0.78671875 0.309375 0.4234375
4 0.06875 0.71015625 0.1375 0.5765625
4 0.73671875 0.32265625 0.1828125 0.2140625
4 0.4640625 0.14921875 0.1328125 0.1671875
2 0.81953125 0.4921875 0.2234375 0.24375
4 0.61171875 0.13515625 0.078125 0.109375
4 0.32265625 0.11953125 0.121875 0.1796875
4 0.5703125 0.06015625 0.0609375 0.0734375
4 0.5375 0.04140625 0.0625 0.0640625
4 0.94921875 0.81484375 0.1 0.3671875
3 0.97421875 0.53359375 0.0515625 0.121875
3 0.84140625 0.34140625 0.040625 0.06875
2 0.8921875 0.6890625 0.2125 0.246875
2 0.0984375 0.5484375 0.10625 0.184375
4 0.453125 0.2109375 0.1203125 0.040625
3 0.66953125 0.1671875 0.0203125 0.0359375
3 0.6984375 0.18828125 0.01875 0.0359375
3 0.721875 0.20390625 0.015625 0.021875