4 0.71953125 0.39921875 0.2328125 0.2953125
4 0.0546875 0.78515625 0.109375 0.4265625
4 0.46875 0.3203125 0.225 0.2984375
4 0.1890625 0.42734375 0.178125 0.2703125
4 0.61875 0.22265625 0.16875 0.1984375
4 0.10078125 0.6390625 0.2015625 0.390625
4 0.94453125 0.7328125 0.1078125 0.49375
4 0.61484375 0.72421875 0.5265625 0.5484375
4 0.5265625 0.13984375 0.084375 0.1265625
4 0.30234375 0.1421875 0.0703125 0.1125
4 0.4328125 0.14453125 0.0953125 0.0484375
4 0.48203125 0.09453125 0.0640625 0.0765625
3 0.20859375 0.24375 0.0203125 0.040625
3 0.125 0.309375 0.025 0.04375
3 0.0890625 0.37734375 0.03125 0.0484375
3 0.01484375 0.453125 0.0296875 0.05
3 0.08671875 0.43125 0.0390625 0.034375
3 0.134375 0.3015625 0.046875 0.059375
2 0.26875 0.26484375 0.084375 0.0796875
4 0.415625 0.0921875 0.0671875 0.0484375
3 0.25390625 0.1953125 0.0140625 0.03125
3 0.2203125 0.21328125 0.021875 0.0359375
3 0.23359375 0.2015625 0.01875 0.0375