4 0.84375 0.66015625 0.309375 0.4890625
4 0.5484375 0.14375 0.115625 0.14375
4 0.57890625 0.71328125 0.4265625 0.5703125
4 0.125 0.60625 0.25 0.271875
4 0.2328125 0.2828125 0.115625 0.165625
4 0.184375 0.39296875 0.15625 0.1796875
4 0.48046875 0.37109375 0.2203125 0.3734375
4 0.13515625 0.26328125 0.1109375 0.1359375
4 0.48515625 0.09296875 0.0703125 0.1046875
4 0.4328125 0.16875 0.1 0.14375
4 0.28828125 0.1703125 0.0578125 0.075
2 0.2953125 0.25078125 0.034375 0.0734375
2 0.2984375 0.21796875 0.0546875 0.05625