4 0.46015625 0.3328125 0.2015625 0.315625
4 0.15078125 0.39375 0.3015625 0.425
4 0.29296875 0.15703125 0.1609375 0.2546875
4 0.45703125 0.0703125 0.0609375 0.08125
4 0.3515625 0.0375 0.0625 0.075
3 0.9015625 0.5515625 0.071875 0.125
3 0.9671875 0.64296875 0.0625 0.1453125
3 0.91484375 0.41171875 0.0546875 0.075
3 0.7703125 0.2515625 0.034375 0.0640625
3 0.86484375 0.36484375 0.0484375 0.0828125
1 0.665625 0.184375 0.15 0.175
4 0.54609375 0.03984375 0.0546875 0.0671875
2 0.725 0.36796875 0.14375 0.1265625