0 0.8140625 0.9203125 0.04375 0.096875
0 0.184375 0.70703125 0.034375 0.0671875
0 0.9296875 0.925 0.053125 0.096875
0 0.8890625 0.68828125 0.03125 0.0640625
0 0.32734375 0.740625 0.0265625 0.065625
0 0.40703125 0.7390625 0.0359375 0.071875
0 0.96640625 0.89765625 0.0265625 0.0640625
0 0.29296875 0.6109375 0.0234375 0.05
0 0.465625 0.6296875 0.021875 0.04375
0 0.40234375 0.62265625 0.0203125 0.0453125
0 0.5625 0.55546875 0.01875 0.0359375
0 0.684375 0.6421875 0.021875 0.046875
0 0.4453125 0.659375 0.025 0.06875
0 0.13359375 0.58984375 0.0296875 0.0515625
0 0.24453125 0.571875 0.0203125 0.040625
0 0.0515625 0.5875 0.028125 0.05625
0 0.30859375 0.51640625 0.0171875 0.0390625
0 0.54140625 0.5703125 0.0171875 0.040625
0 0.36171875 0.5421875 0.0234375 0.04375
0 0.184375 0.57734375 0.0765625 0.046875
0 0.44140625 0.5171875 0.025 0.0328125