3 0.165625 0.28828125 0.021875 0.0421875
3 0.86796875 0.25703125 0.0265625 0.0359375
3 0.9515625 0.3125 0.03125 0.040625
3 0.64140625 0.2546875 0.0265625 0.021875
4 0.7359375 0.18125 0.046875 0.0625
4 0.6859375 0.16484375 0.040625 0.0609375
2 0.7546875 0.87734375 0.215625 0.2109375
2 0.80703125 0.20859375 0.0296875 0.0265625
4 0.57890625 0.325 0.1328125 0.209375
4 0.76796875 0.615625 0.1734375 0.278125
4 0.21875 0.78984375 0.4375 0.4171875
4 0.725 0.4171875 0.1828125 0.265625
4 0.95546875 0.4140625 0.0859375 0.1625
4 0.9015625 0.30078125 0.075 0.0984375
4 0.97578125 0.51328125 0.0453125 0.1796875
4 0.728125 0.20078125 0.034375 0.0546875
4 0.7703125 0.3015625 0.0734375 0.06875
4 0.7453125 0.2671875 0.065625 0.0328125
4 0.49375 0.18671875 0.053125 0.0640625
4 0.80546875 0.184375 0.0296875 0.040625