4 0.61015625 0.215625 0.1609375 0.2125
4 0.46875 0.275 0.16875 0.30625
4 0.2453125 0.28359375 0.121875 0.1734375
1 0.275 0.2078125 0.1 0.125
4 0.5234375 0.13203125 0.078125 0.0953125
4 0.403125 0.05703125 0.04375 0.0453125
4 0.47890625 0.0734375 0.0640625 0.065625
1 0.29609375 0.14765625 0.0828125 0.0953125
3 0.171875 0.31796875 0.03125 0.0671875
3 0.059375 0.5234375 0.034375 0.078125
3 0.03828125 0.46953125 0.0359375 0.0703125
3 0.1234375 0.3984375 0.0375 0.065625
3 0.14453125 0.30859375 0.0234375 0.0453125
3 0.125 0.328125 0.028125 0.046875
3 0.09765625 0.37578125 0.0296875 0.0546875
4 0.14140625 0.5765625 0.2 0.296875
2 0.2125 0.415625 0.10625 0.128125
4 0.5875 0.871875 0.38125 0.25625