4 0.72421875 0.3171875 0.171875 0.196875
4 0.29296875 0.16640625 0.1453125 0.1921875
4 0.84296875 0.58828125 0.309375 0.6859375
4 0.4578125 0.1484375 0.1375 0.184375
4 0.45 0.6171875 0.4203125 0.765625
4 0.33359375 0.11171875 0.1171875 0.1609375
4 0.11875 0.634375 0.2375 0.73125
4 0.62734375 0.16171875 0.0859375 0.1015625
4 0.6171875 0.11171875 0.109375 0.1296875
3 0.6984375 0.19140625 0.03125 0.0578125
3 0.74765625 0.20546875 0.03125 0.0328125
3 0.72578125 0.19296875 0.021875 0.0390625
2 0.64296875 0.2375 0.0765625 0.075