3 0.00703125 0.32890625 0.0140625 0.0546875
3 0.05859375 0.3046875 0.0203125 0.034375
2 0.959375 0.45 0.034375 0.090625
2 0.38203125 0.20625 0.0296875 0.0375
4 0.23984375 0.7109375 0.4796875 0.575
1 0.69765625 0.85859375 0.4765625 0.2796875
4 0.45703125 0.51484375 0.2328125 0.3046875
4 0.721875 0.5875 0.28125 0.31875
4 0.7671875 0.33046875 0.146875 0.2109375
4 0.5453125 0.375 0.1828125 0.2640625
4 0.859375 0.21875 0.05 0.0625
4 0.61796875 0.28359375 0.0890625 0.1203125
4 0.6859375 0.1328125 0.034375 0.04375
4 0.8984375 0.2546875 0.0625 0.078125
4 0.759375 0.18984375 0.075 0.0765625
4 0.66015625 0.22109375 0.0453125 0.0640625
4 0.66953125 0.19375 0.0390625 0.046875
1 0.34296875 0.21484375 0.0671875 0.0828125
1 0.94921875 0.346875 0.0984375 0.175
4 0.83046875 0.19921875 0.0515625 0.0578125
4 0.46328125 0.17109375 0.0734375 0.0765625
4 0.73125 0.13359375 0.0359375 0.0421875
4 0.3953125 0.178125 0.05 0.053125
4 0.93671875 0.30078125 0.0984375 0.1171875
4 0.98515625 0.46328125 0.0265625 0.2078125
3 0.15078125 0.27734375 0.0203125 0.0328125
3 0.19921875 0.25859375 0.015625 0.028125
3 0.0765625 0.29296875 0.01875 0.0296875