4 0.8140625 0.4578125 0.36875 0.51875
4 0.62109375 0.23984375 0.1453125 0.2046875
4 0.603125 0.6671875 0.421875 0.53125
4 0.5109375 0.12578125 0.090625 0.1328125
4 0.5609375 0.1890625 0.090625 0.128125
4 0.290625 0.14375 0.071875 0.09375
1 0.21171875 0.33125 0.1890625 0.25
4 0.44609375 0.2359375 0.1390625 0.20625
4 0.63671875 0.94765625 0.6671875 0.1015625
4 0.40234375 0.07421875 0.0484375 0.0765625
4 0.4203125 0.11640625 0.059375 0.0390625
4 0.2640625 0.24375 0.115625 0.153125
4 0.50390625 0.37578125 0.2296875 0.1640625
1 0.08125 0.5828125 0.1625 0.478125
2 0.115625 0.8484375 0.23125 0.3
3 0.06640625 0.32421875 0.0328125 0.0484375