4 0.75546875 0.2765625 0.2296875 0.2875
4 0.35 0.03671875 0.065625 0.0734375
4 0.6078125 0.10234375 0.06875 0.0953125
4 0.46796875 0.2015625 0.1515625 0.19375
4 0.45078125 0.04296875 0.0890625 0.0859375
4 0.31328125 0.15703125 0.1359375 0.1578125
4 0.575 0.0546875 0.090625 0.109375
3 0.9703125 0.58984375 0.05625 0.1265625
3 0.90859375 0.44453125 0.0421875 0.0578125
3 0.88125 0.36640625 0.0375 0.0765625
1 0.071875 0.67578125 0.14375 0.4890625
1 0.44453125 0.8140625 0.5484375 0.36875
4 0.41953125 0.46015625 0.2765625 0.3578125
2 0.24375 0.10078125 0.053125 0.0484375
2 0.24609375 0.28671875 0.1171875 0.1265625
2 0.615625 0.1734375 0.065625 0.065625