3 0.17890625 0.2453125 0.0203125 0.028125
3 0.9484375 0.35703125 0.028125 0.0421875
3 0.30078125 0.190625 0.0171875 0.021875
1 0.053125 0.271875 0.10625 0.146875
2 0.8515625 0.190625 0.03125 0.034375
1 0.56875 0.33359375 0.1375 0.1796875
4 0.63671875 0.23515625 0.1046875 0.1234375
4 0.72109375 0.55 0.2640625 0.471875
4 0.74921875 0.1984375 0.0765625 0.115625
4 0.9671875 0.4625 0.0625 0.203125
4 0.125 0.3140625 0.115625 0.121875
4 0.46875 0.48671875 0.25625 0.2578125
4 0.4375 0.190625 0.0921875 0.1109375
4 0.9125 0.24453125 0.0984375 0.15
4 0.35234375 0.196875 0.0734375 0.103125
4 0.6359375 0.8953125 0.725 0.20625
4 0.65625 0.1546875 0.059375 0.059375
4 0.82890625 0.16171875 0.053125 0.0671875
4 0.2171875 0.746875 0.434375 0.50625
4 0.5421875 0.22890625 0.0875 0.1390625
4 0.740625 0.13125 0.046875 0.025
3 0.24921875 0.2359375 0.015625 0.0265625