4 0.1140625 0.6484375 0.228125 0.7
4 0.44921875 0.47265625 0.2828125 0.5859375
3 0.9109375 0.6046875 0.075 0.1375
3 0.80546875 0.3453125 0.0453125 0.0765625
3 0.90078125 0.4265625 0.0515625 0.0984375
3 0.7671875 0.26015625 0.025 0.0453125
1 0.27421875 0.05078125 0.0953125 0.1015625
1 0.684375 0.246875 0.14375 0.1625
4 0.36015625 0.03671875 0.0546875 0.0734375
4 0.5734375 0.078125 0.0625 0.08125
4 0.61875 0.14375 0.084375 0.1125
4 0.44921875 0.10546875 0.096875 0.165625
4 0.59453125 0.1140625 0.0671875 0.0796875
2 0.13515625 0.0234375 0.0390625 0.040625