0 0.21328125 0.803125 0.0421875 0.08125
0 0.5890625 0.75625 0.04375 0.075
0 0.603125 0.66953125 0.0375 0.0578125
0 0.41328125 0.6953125 0.0421875 0.06875
0 0.27890625 0.7859375 0.0421875 0.084375
0 0.5265625 0.62890625 0.034375 0.0578125
0 0.171875 0.62421875 0.028125 0.0578125
0 0.4671875 0.571875 0.025 0.046875
0 0.3640625 0.6984375 0.0375 0.071875
0 0.3453125 0.584375 0.028125 0.05
0 0.2140625 0.65078125 0.03125 0.0640625
0 0.1484375 0.65078125 0.03125 0.0640625
0 0.303125 0.57734375 0.025 0.0484375
0 0.653125 0.7421875 0.04375 0.075
0 0.38203125 0.61640625 0.0234375 0.0484375
0 0.2671875 0.62421875 0.028125 0.0609375
0 0.41328125 0.51484375 0.0203125 0.0359375
0 0.40625 0.575 0.028125 0.05
0 0.1421875 0.5640625 0.028125 0.05
0 0.10625 0.56640625 0.028125 0.0515625
0 0.2640625 0.53203125 0.025 0.0421875
0 0.33671875 0.84296875 0.0578125 0.0890625
0 0.18671875 0.565625 0.0234375 0.046875