3 0.95390625 0.28828125 0.0234375 0.028125
3 0.29765625 0.22109375 0.0421875 0.0203125
3 0.19453125 0.2265625 0.0390625 0.025
3 0.69765625 0.2375 0.0265625 0.021875
3 0.9890625 0.3015625 0.01875 0.03125
3 0.6453125 0.23359375 0.03125 0.015625
1 0.4703125 0.2015625 0.1625 0.06875
1 0.375 0.1828125 0.0625 0.0625
4 0.74296875 0.14296875 0.05 0.0328125
2 0.196875 0.36171875 0.096875 0.0796875
4 0.75703125 0.29453125 0.103125 0.0328125
4 0.73984375 0.55 0.2484375 0.484375
4 0.96484375 0.41171875 0.0671875 0.1390625
4 0.39921875 0.5609375 0.359375 0.475
4 0.76015625 0.25 0.0984375 0.128125
4 0.63515625 0.28828125 0.0734375 0.0921875
4 0.6734375 0.1765625 0.05 0.071875
4 0.809375 0.20078125 0.04375 0.0609375
4 0.5671875 0.2234375 0.103125 0.121875
4 0.8984375 0.27578125 0.0625 0.0828125
4 0.8875 0.2515625 0.06875 0.08125
4 0.5875 0.32109375 0.1125 0.1390625
4 0.74765625 0.1734375 0.05 0.0390625
4 0.03125 0.43671875 0.059375 0.115625