4 0.15703125 0.4640625 0.3140625 0.628125
4 0.31328125 0.1421875 0.1125 0.14375
4 0.45234375 0.21171875 0.153125 0.2609375
4 0.68359375 0.2390625 0.1046875 0.121875
4 0.6578125 0.18125 0.10625 0.125
4 0.0375 0.046875 0.075 0.09375
4 0.62109375 0.140625 0.0796875 0.10625
3 0.846875 0.40703125 0.0515625 0.0890625
3 0.96953125 0.54453125 0.0609375 0.0796875
3 0.7640625 0.25625 0.025 0.0375
3 0.80078125 0.29609375 0.028125 0.05
3 0.878125 0.39453125 0.03125 0.0578125
3 0.83515625 0.334375 0.0296875 0.04375
1 0.4921875 0.50078125 0.29375 0.5203125
2 0.725 0.33046875 0.109375 0.1015625
2 0.88203125 0.69140625 0.2328125 0.2234375