4 0.12265625 0.55390625 0.2359375 0.3140625
4 0.92265625 0.6796875 0.1515625 0.6375
4 0.78203125 0.440625 0.3328125 0.525
4 0.52734375 0.6140625 0.3890625 0.76875
4 0.509375 0.125 0.096875 0.10625
4 0.28984375 0.17890625 0.0734375 0.0984375
4 0.44140625 0.1953125 0.1140625 0.084375
4 0.55078125 0.18046875 0.0765625 0.1046875
4 0.5921875 0.2265625 0.078125 0.115625
4 0.41875 0.11171875 0.071875 0.0921875
4 0.6015625 0.28359375 0.0375 0.1421875
1 0.19765625 0.35546875 0.1921875 0.2265625
3 0.06015625 0.42734375 0.0421875 0.0609375
3 0.13046875 0.2734375 0.0296875 0.03125