3 0.009375 0.32265625 0.01875 0.0390625
3 0.0765625 0.31328125 0.021875 0.0359375
3 0.26953125 0.221875 0.0140625 0.025
3 0.2921875 0.2203125 0.015625 0.025
1 0.17890625 0.30546875 0.1609375 0.1390625
1 0.7078125 0.76484375 0.45 0.4671875
2 0.36484375 0.2609375 0.0578125 0.046875
2 0.93671875 0.39453125 0.0359375 0.0734375
2 0.98515625 0.54453125 0.0265625 0.1234375
4 0.9734375 0.3984375 0.05 0.165625
4 0.5578125 0.39453125 0.159375 0.2109375
4 0.31796875 0.66171875 0.4890625 0.6640625
4 0.865625 0.21953125 0.05 0.0609375
4 0.43828125 0.178125 0.08125 0.09375
4 0.6796875 0.18125 0.034375 0.046875
4 0.74375 0.44609375 0.196875 0.1984375
4 0.8296875 0.19296875 0.04375 0.0515625
4 0.76796875 0.271875 0.1140625 0.153125
1 0.9453125 0.30625 0.10625 0.146875
4 0.90859375 0.2578125 0.0890625 0.096875
4 0.75625 0.16953125 0.065625 0.0578125
4 0.39453125 0.18125 0.0203125 0.04375
4 0.32421875 0.2078125 0.0515625 0.065625
4 0.690625 0.16953125 0.03125 0.0375
4 0.634375 0.2421875 0.06875 0.0953125
4 0.59140625 0.3125 0.1296875 0.196875