0 0.53671875 0.3609375 0.0484375 0.090625
0 0.8234375 0.2921875 0.028125 0.071875
0 0.83125 0.596875 0.046875 0.10625
0 0.66171875 0.36796875 0.0484375 0.0859375
0 0.6609375 0.603125 0.06875 0.121875
0 0.90390625 0.55859375 0.0296875 0.0953125
0 0.290625 0.04296875 0.025 0.0484375
0 0.81484375 0.434375 0.0515625 0.103125
0 0.73515625 0.1734375 0.0203125 0.053125
0 0.84765625 0.128125 0.0203125 0.053125
0 0.7359375 0.29296875 0.034375 0.0734375
0 0.93515625 0.28515625 0.0515625 0.0828125
0 0.76484375 0.13125 0.0203125 0.05
0 0.66015625 0.171875 0.0265625 0.059375
0 0.8984375 0.2109375 0.028125 0.059375
0 0.91171875 0.13125 0.0328125 0.053125
0 0.9 0.4234375 0.0640625 0.075