4 0.09609375 0.82578125 0.1921875 0.3453125
4 0.9203125 0.71875 0.15625 0.559375
4 0.29609375 0.171875 0.096875 0.1375
4 0.58984375 0.215625 0.1265625 0.146875
4 0.25078125 0.27734375 0.10625 0.1515625
4 0.171875 0.40234375 0.15 0.1609375
4 0.51796875 0.12890625 0.0671875 0.0921875
4 0.4546875 0.22734375 0.125 0.1859375
4 0.43515625 0.13671875 0.0890625 0.0734375
4 0.5671875 0.7015625 0.3671875 0.525
4 0.65 0.88046875 0.378125 0.2359375
3 0.07421875 0.39765625 0.0484375 0.0703125
3 0.184375 0.28671875 0.028125 0.0453125
3 0.1375 0.31796875 0.028125 0.0453125
3 0.11484375 0.32265625 0.0328125 0.0453125
2 0.7578125 0.4296875 0.134375 0.121875
2 0.15546875 0.665625 0.1953125 0.19375