4 0.0875 0.63046875 0.175 0.61875
4 0.465625 0.203125 0.128125 0.184375
4 0.2921875 0.21640625 0.115625 0.1421875
4 0.3390625 0.0828125 0.1 0.1375
4 0.5859375 0.06796875 0.0875 0.1140625
4 0.4671875 0.07734375 0.1109375 0.084375
4 0.4390625 0.64140625 0.54375 0.7140625
3 0.9234375 0.4421875 0.05 0.0984375
3 0.79375 0.46875 0.059375 0.10625
3 0.8578125 0.465625 0.05625 0.103125
3 0.73984375 0.2421875 0.0296875 0.046875
3 0.76328125 0.3140625 0.0421875 0.06875
3 0.6640625 0.265625 0.025 0.04375
3 0.61015625 0.15546875 0.0234375 0.0328125
3 0.7140625 0.20625 0.021875 0.034375
3 0.7890625 0.3109375 0.021875 0.04375
3 0.64375 0.22734375 0.025 0.0328125
3 0.6328125 0.1828125 0.021875 0.03125
3 0.83203125 0.3359375 0.0484375 0.078125
3 0.68203125 0.3375 0.0484375 0.075
3 0.70859375 0.32109375 0.0390625 0.0703125
3 0.6921875 0.24453125 0.015625 0.0328125
3 0.865625 0.3796875 0.046875 0.084375
2 0.265625 0.096875 0.053125 0.05