3 0.56328125 0.175 0.0265625 0.025
4 0.6265625 0.24921875 0.1046875 0.1078125
3 0.60703125 0.17265625 0.0265625 0.0296875
2 0.8890625 0.24609375 0.04375 0.0453125
2 0.90703125 0.27421875 0.0328125 0.0484375
4 0.70078125 0.67109375 0.3265625 0.4828125
1 0.9546875 0.35234375 0.0875 0.2234375
4 0.553125 0.38671875 0.15 0.2203125
4 0.65859375 0.17265625 0.0890625 0.1234375
4 0.16953125 0.29921875 0.1953125 0.1890625
4 0.72890625 0.3640625 0.2203125 0.15625
4 0.6828125 0.90703125 0.365625 0.1859375
4 0.26171875 0.6671875 0.5234375 0.6625
4 0.77421875 0.2671875 0.0859375 0.05625
4 0.9375 0.23203125 0.0625 0.0421875
4 0.03984375 0.34453125 0.0796875 0.1515625
4 0.74140625 0.27734375 0.0953125 0.0265625
4 0.60390625 0.28828125 0.0890625 0.1015625