3 0.96875 0.32890625 0.028125 0.03125
3 0.9671875 0.26875 0.015625 0.021875
3 0.98203125 0.425 0.0328125 0.034375
3 0.97109375 0.4875 0.0515625 0.053125
2 0.43984375 0.15859375 0.0328125 0.0265625
4 0.409375 0.215625 0.08125 0.065625
2 0.40546875 0.16953125 0.0359375 0.0265625
4 0.19140625 0.790625 0.3828125 0.415625
4 0.74140625 0.56015625 0.2890625 0.5484375
4 0.9109375 0.26640625 0.08125 0.1015625
4 0.65390625 0.1890625 0.0625 0.09375
1 0.625 0.2484375 0.096875 0.1125
4 0.228125 0.2875 0.203125 0.209375
4 0.07421875 0.315625 0.1484375 0.2359375
4 0.76328125 0.25390625 0.1265625 0.0734375
4 0.52734375 0.40703125 0.1796875 0.2421875
4 0.85078125 0.18671875 0.0796875 0.1046875
4 0.5859375 0.103125 0.028125 0.04375
4 0.67265625 0.15390625 0.0515625 0.0828125
4 0.728125 0.16796875 0.065625 0.0890625
4 0.5890625 0.30625 0.1125 0.10625
4 0.54140625 0.21796875 0.0921875 0.134375
4 0.740625 0.1234375 0.046875 0.0203125
4 0.52890625 0.12578125 0.0390625 0.0515625