4 0.1390625 0.38359375 0.278125 0.2921875
4 0.07421875 0.69921875 0.1484375 0.3953125
4 0.23046875 0.25078125 0.1828125 0.2203125
4 0.615625 0.09453125 0.109375 0.1328125
4 0.46328125 0.08359375 0.1109375 0.0859375
4 0.39921875 0.63671875 0.5390625 0.7234375
4 0.2953125 0.1359375 0.159375 0.1984375
3 0.75234375 0.23203125 0.0328125 0.0359375
3 0.71015625 0.21953125 0.034375 0.053125
2 0.62578125 0.1515625 0.0890625 0.10625
1 0.8390625 0.43359375 0.31875 0.3703125
1 0.4796875 0.22578125 0.190625 0.1359375