4 0.1 0.59375 0.2 0.359375
4 0.44140625 0.203125 0.1171875 0.209375
4 0.0703125 0.8234375 0.140625 0.35
4 0.53828125 0.8 0.3796875 0.396875
4 0.59765625 0.20703125 0.1265625 0.1734375
4 0.27421875 0.21328125 0.0765625 0.1109375
4 0.53515625 0.15234375 0.0953125 0.1515625
4 0.19453125 0.4859375 0.1203125 0.20625
4 0.4671875 0.06640625 0.0625 0.0640625
4 0.23359375 0.3046875 0.1328125 0.190625
2 0.23125 0.4203125 0.103125 0.13125
4 0.30625 0.1671875 0.053125 0.0765625
1 0.30625 0.134375 0.065625 0.0875
4 0.41015625 0.09765625 0.0671875 0.0890625
3 0.07734375 0.38671875 0.0390625 0.0609375
3 0.13203125 0.3171875 0.0328125 0.05625
3 0.11796875 0.3078125 0.0203125 0.04375
2 0.93359375 0.88046875 0.1296875 0.2359375