4 0.0890625 0.7671875 0.178125 0.4625
4 0.15703125 0.478125 0.1921875 0.28125
4 0.5375 0.44609375 0.321875 0.421875
4 0.5234375 0.12421875 0.096875 0.1359375
4 0.2359375 0.29140625 0.153125 0.2328125
4 0.4578125 0.19453125 0.14375 0.0921875
4 0.65078125 0.8125 0.5015625 0.371875
4 0.425 0.13125 0.090625 0.11875
3 0.01640625 0.475 0.0328125 0.084375
3 0.0640625 0.4265625 0.040625 0.078125
3 0.14921875 0.321875 0.0234375 0.04375
1 0.2734375 0.1953125 0.1 0.115625
4 0.30546875 0.12734375 0.0703125 0.0984375