4 0.77421875 0.41328125 0.2515625 0.3171875
4 0.14765625 0.51953125 0.2953125 0.4109375
4 0.62265625 0.75234375 0.4796875 0.4921875
4 0.56484375 0.17421875 0.0984375 0.1203125
4 0.89453125 0.71328125 0.2078125 0.3859375
4 0.490625 0.375 0.20625 0.3
4 0.4609375 0.19765625 0.128125 0.0671875
4 0.240625 0.29765625 0.1265625 0.1484375
2 0.08984375 0.8609375 0.1796875 0.275
2 0.621875 0.296875 0.075 0.08125
4 0.6015625 0.23984375 0.0875 0.0859375
4 0.05078125 0.8859375 0.1015625 0.225
4 0.51640625 0.1171875 0.078125 0.1078125
4 0.47265625 0.07421875 0.0484375 0.078125