4 0.22734375 0.35 0.1421875 0.2
4 0.08828125 0.6921875 0.1765625 0.446875
4 0.88046875 0.59296875 0.2359375 0.6265625
4 0.5859375 0.19765625 0.1125 0.1484375
4 0.5734375 0.6484375 0.25625 0.40625
4 0.29765625 0.17890625 0.0671875 0.0953125
4 0.4796875 0.2921875 0.159375 0.10625
4 0.49453125 0.4390625 0.1671875 0.2671875
3 0.1109375 0.38515625 0.034375 0.0578125
3 0.14921875 0.35546875 0.0375 0.0609375
3 0.03984375 0.4515625 0.0453125 0.053125
3 0.20625 0.2328125 0.021875 0.040625
3 0.16484375 0.2890625 0.028125 0.040625
3 0.134375 0.31640625 0.025 0.0390625
4 0.2625 0.22578125 0.0859375 0.0640625
4 0.47734375 0.83359375 0.5078125 0.3328125
4 0.42578125 0.12578125 0.0734375 0.1
4 0.5 0.11015625 0.065625 0.0765625