0 0.45234375 0.93046875 0.0578125 0.1015625
0 0.68515625 0.8109375 0.0265625 0.065625
0 0.734375 0.71875 0.025 0.059375
0 0.6140625 0.95546875 0.046875 0.0859375
0 0.1953125 0.896875 0.040625 0.0875
0 0.71484375 0.57578125 0.0234375 0.0453125
0 0.88359375 0.59609375 0.0203125 0.0421875
0 0.8421875 0.59921875 0.021875 0.0453125
0 0.55703125 0.5765625 0.0265625 0.04375
0 0.76640625 0.57421875 0.0203125 0.0453125
0 0.64375 0.71171875 0.025 0.0546875
0 0.81328125 0.53515625 0.0171875 0.0390625
0 0.753125 0.5171875 0.021875 0.0375
0 0.65546875 0.9171875 0.0421875 0.08125
0 0.95625 0.5921875 0.06875 0.040625
0 0.64140625 0.85234375 0.0390625 0.0828125
0 0.33828125 0.7953125 0.0578125 0.071875