4 0.13515625 0.46328125 0.2703125 0.4421875
4 0.646875 0.19609375 0.1125 0.1421875
4 0.45625 0.24375 0.178125 0.26875
4 0.8921875 0.76640625 0.2125 0.4640625
4 0.434375 0.4546875 0.2 0.240625
4 0.2171875 0.29296875 0.15 0.2046875
4 0.29140625 0.16953125 0.1515625 0.234375
4 0.3390625 0.08671875 0.10625 0.1703125
3 0.746875 0.284375 0.0359375 0.0671875
3 0.78828125 0.28671875 0.0328125 0.0484375
3 0.8890625 0.4953125 0.0625 0.1
3 0.828125 0.309375 0.04375 0.071875
3 0.859375 0.3703125 0.04375 0.071875
3 0.95 0.45703125 0.028125 0.0609375
3 0.92734375 0.4828125 0.0359375 0.078125
3 0.90390625 0.38984375 0.0515625 0.0734375
2 0.7546875 0.41953125 0.171875 0.1578125
2 0.590625 0.11640625 0.05 0.0453125