4 0.89375 0.771875 0.209375 0.453125
4 0.453125 0.0609375 0.08125 0.121875
4 0.296875 0.153125 0.159375 0.240625
4 0.159375 0.3765625 0.31875 0.45625
4 0.58671875 0.09296875 0.0703125 0.0859375
4 0.02578125 0.8015625 0.0515625 0.39375
3 0.80234375 0.35546875 0.0390625 0.0609375
3 0.94140625 0.45 0.059375 0.1
3 0.76953125 0.30234375 0.034375 0.0703125
3 0.74765625 0.23671875 0.0203125 0.0390625
3 0.875 0.37578125 0.05 0.0859375
3 0.65390625 0.13828125 0.0203125 0.0296875
3 0.82578125 0.33828125 0.0265625 0.0453125
3 0.62578125 0.10390625 0.0171875 0.0265625
2 0.7875 0.46171875 0.15 0.1546875
2 0.60859375 0.146875 0.0671875 0.05625
2 0.68359375 0.240625 0.1109375 0.1125
4 0.45 0.3015625 0.1671875 0.0984375
4 0.4375 0.2109375 0.11875 0.0953125
4 0.428125 0.6671875 0.4859375 0.665625