4 0.1828125 0.29140625 0.26875 0.3453125
4 0.32109375 0.1234375 0.1203125 0.2
4 0.4578125 0.28671875 0.23125 0.3078125
4 0.47578125 0.09375 0.0875 0.0875
4 0.35625 0.70390625 0.509375 0.5890625
4 0.4609375 0.0640625 0.0765625 0.128125
2 0.0265625 0.03203125 0.053125 0.0546875
3 0.66484375 0.16796875 0.0234375 0.0453125
3 0.70625 0.1890625 0.03125 0.046875
3 0.653125 0.1109375 0.01875 0.025
3 0.55078125 0.078125 0.0171875 0.021875
3 0.609375 0.10703125 0.021875 0.0359375
3 0.64453125 0.1046875 0.0140625 0.025
3 0.621875 0.09609375 0.015625 0.0265625
3 0.74296875 0.27734375 0.0390625 0.0671875
4 0.07265625 0.04609375 0.0515625 0.0671875