0 0.49375 0.828125 0.040625 0.090625
0 0.74453125 0.859375 0.0421875 0.0875
0 0.8609375 0.86328125 0.04375 0.0890625
0 0.9 0.671875 0.040625 0.0625
0 0.35234375 0.60234375 0.0265625 0.0578125
0 0.18515625 0.66171875 0.0296875 0.0578125
0 0.89765625 0.84375 0.0265625 0.0625
0 0.284375 0.49765625 0.015625 0.0359375
0 0.30546875 0.58984375 0.0234375 0.0484375
0 0.67890625 0.6390625 0.0328125 0.053125
0 0.4015625 0.50859375 0.01875 0.0328125
0 0.5640625 0.553125 0.021875 0.040625
0 0.50390625 0.553125 0.0234375 0.0375
0 0.13359375 0.590625 0.0296875 0.05
0 0.1890625 0.575 0.06875 0.046875
0 0.44296875 0.60234375 0.0234375 0.0421875
0 0.3984375 0.6609375 0.028125 0.05625
0 0.1609375 0.6359375 0.028125 0.053125
0 0.246875 0.56953125 0.01875 0.0421875
0 0.34609375 0.521875 0.025 0.0390625
0 0.44765625 0.5359375 0.0234375 0.0390625