3 0.90234375 0.121875 0.0171875 0.034375
3 0.815625 0.15 0.01875 0.0375
2 0.53515625 0.20078125 0.0640625 0.0515625
2 0.88828125 0.1875 0.0484375 0.046875
2 0.96953125 0.31796875 0.0578125 0.0859375
2 0.9546875 0.27890625 0.0875 0.0828125
2 0.92109375 0.22109375 0.0578125 0.0546875
2 0.93671875 0.24375 0.0734375 0.075
4 0.4078125 0.50078125 0.321875 0.3921875
4 0.096875 0.85703125 0.19375 0.2828125
4 0.046875 0.2625 0.09375 0.190625
4 0.62421875 0.19921875 0.1140625 0.1265625
4 0.56328125 0.30625 0.1265625 0.15625
4 0.65 0.11796875 0.0875 0.1265625
4 0.18828125 0.23046875 0.259375 0.228125
4 0.715625 0.4015625 0.25 0.30625
4 0.646875 0.76875 0.528125 0.459375
4 0.865625 0.12890625 0.053125 0.0609375
4 0.39296875 0.109375 0.1 0.09375
4 0.93125 0.17890625 0.05 0.0546875
4 0.68671875 0.0609375 0.0546875 0.046875
4 0.77421875 0.21875 0.0859375 0.075
4 0.7421875 0.2296875 0.096875 0.046875
4 0.75859375 0.0921875 0.0703125 0.0625
4 0.8375 0.10234375 0.071875 0.0921875
4 0.75234375 0.15703125 0.0828125 0.06875