4 0.20390625 0.30625 0.2078125 0.246875
4 0.09453125 0.58515625 0.1890625 0.3328125
4 0.33125 0.0984375 0.1140625 0.178125
4 0.28203125 0.18203125 0.1453125 0.175
4 0.559375 0.0421875 0.096875 0.084375
4 0.46015625 0.028125 0.0703125 0.05625
2 0.57890625 0.075 0.0609375 0.075
4 0.42265625 0.60390625 0.3953125 0.7890625
3 0.8265625 0.31875 0.04375 0.075
3 0.725 0.20078125 0.0265625 0.0359375
1 0.6328125 0.140625 0.11875 0.134375
1 0.47109375 0.1484375 0.1328125 0.1375
4 0.04921875 0.05 0.0984375 0.1