4 0.86796875 0.6453125 0.2609375 0.70625
4 0.0890625 0.76953125 0.178125 0.4390625
4 0.6484375 0.27578125 0.171875 0.2109375
4 0.32109375 0.26796875 0.1453125 0.1515625
4 0.43515625 0.1625 0.0953125 0.13125
4 0.4796875 0.26875 0.103125 0.078125
4 0.5375 0.16484375 0.071875 0.0921875
4 0.52734375 0.45625 0.1953125 0.315625
4 0.61796875 0.71328125 0.4734375 0.5703125
3 0.06640625 0.340625 0.0265625 0.05
3 0.15078125 0.23671875 0.0265625 0.0359375
2 0.2078125 0.4796875 0.1375 0.128125
4 0.1640625 0.31640625 0.1 0.1140625
2 0.4203125 0.24765625 0.065625 0.0640625
2 0.240625 0.25859375 0.040625 0.0703125
4 0.20625 0.215625 0.05625 0.084375