4 0.1359375 0.55 0.271875 0.48125
4 0.8390625 0.6171875 0.31875 0.759375
4 0.5984375 0.6625 0.48125 0.671875
4 0.45625 0.225 0.103125 0.10625
4 0.48203125 0.27265625 0.1453125 0.134375
3 0.0515625 0.33125 0.046875 0.0625
2 0.26875 0.25859375 0.075 0.0609375
4 0.63359375 0.27421875 0.0984375 0.0984375
4 0.240625 0.33984375 0.103125 0.159375
4 0.24296875 0.1484375 0.0484375 0.053125
4 0.30390625 0.17265625 0.059375 0.09375
4 0.534375 0.14921875 0.08125 0.1078125
4 0.41484375 0.11015625 0.0625 0.0875