4 0.6890625 0.3 0.196875 0.253125
4 0.2609375 0.22265625 0.125 0.1953125
4 0.11484375 0.6640625 0.2296875 0.66875
4 0.58046875 0.23125 0.1109375 0.1625
4 0.496875 0.47265625 0.31875 0.2984375
4 0.46015625 0.2296875 0.1640625 0.203125
4 0.5203125 0.1171875 0.0875 0.09375
4 0.415625 0.1046875 0.065625 0.05625
4 0.46796875 0.06875 0.0484375 0.06875
4 0.3 0.13984375 0.071875 0.0734375
4 0.403125 0.05546875 0.053125 0.0421875
1 0.92265625 0.69375 0.1515625 0.609375
3 0.1640625 0.28046875 0.028125 0.0484375
3 0.18515625 0.2546875 0.0234375 0.040625
3 0.125 0.32734375 0.028125 0.0234375
2 0.81015625 0.56953125 0.1015625 0.2203125
4 0.60390625 0.79765625 0.5015625 0.4046875