4 0.7828125 0.421875 0.215625 0.2625
4 0.2671875 0.2109375 0.134375 0.1625
4 0.6578125 0.18203125 0.103125 0.1328125
4 0.93046875 0.871875 0.1359375 0.253125
4 0.31328125 0.10546875 0.1046875 0.1828125
4 0.45703125 0.05859375 0.0609375 0.08125
4 0.4578125 0.3078125 0.2046875 0.353125
4 0.60546875 0.11015625 0.071875 0.0953125
4 0.56796875 0.06171875 0.0578125 0.0734375
4 0.35625 0.04921875 0.065625 0.0890625
3 0.94765625 0.5890625 0.0515625 0.084375
3 0.96875 0.7125 0.059375 0.084375
3 0.69453125 0.2796875 0.0328125 0.046875
3 0.73515625 0.2578125 0.0234375 0.0375
3 0.671875 0.26015625 0.025 0.0453125
3 0.90625 0.50390625 0.04375 0.10625
1 0.13671875 0.48359375 0.2734375 0.5015625
2 0.51328125 0.546875 0.1546875 0.215625