4 0.7171875 0.3484375 0.20625 0.2625
4 0.20234375 0.38359375 0.2078125 0.3015625
4 0.92421875 0.76328125 0.1484375 0.4703125
4 0.4890625 0.3765625 0.209375 0.3015625
4 0.53359375 0.13984375 0.0828125 0.0953125
4 0.49140625 0.0890625 0.0640625 0.0859375
4 0.81953125 0.6234375 0.1453125 0.321875
4 0.078125 0.821875 0.15625 0.353125
4 0.4609375 0.1984375 0.13125 0.065625
3 0.05703125 0.4390625 0.0453125 0.075
2 0.13125 0.678125 0.16875 0.19375
4 0.62109375 0.7515625 0.4796875 0.496875
4 0.565625 0.2015625 0.075 0.071875
2 0.5890625 0.25078125 0.065625 0.0671875
4 0.2703125 0.23046875 0.1 0.1234375
4 0.30390625 0.15859375 0.0609375 0.0859375
4 0.28359375 0.15625 0.06875 0.034375