4 0.85546875 0.57421875 0.2859375 0.5328125
4 0.121875 0.753125 0.24375 0.490625
4 0.15703125 0.38046875 0.2578125 0.2703125
4 0.6359375 0.240625 0.13125 0.128125
4 0.54765625 0.15859375 0.1328125 0.1640625
4 0.26796875 0.26875 0.1078125 0.14375
4 0.71171875 0.36953125 0.1796875 0.2578125
4 0.5265625 0.340625 0.20625 0.075
4 0.50390625 0.30390625 0.2515625 0.1484375
4 0.659375 0.68359375 0.5453125 0.6328125
4 0.44140625 0.2015625 0.1328125 0.19375
3 0.03046875 0.409375 0.0484375 0.071875
3 0.20234375 0.23515625 0.0265625 0.0328125