3 0.9796875 0.303125 0.0296875 0.021875
4 0.75625 0.3921875 0.165625 0.3125
4 0.1796875 0.81953125 0.359375 0.3578125
4 0.53515625 0.43984375 0.1296875 0.1640625
4 0.95546875 0.378125 0.0859375 0.13125
4 0.63671875 0.246875 0.0828125 0.121875
4 0.725 0.88125 0.384375 0.234375
4 0.34609375 0.2140625 0.121875 0.1296875
4 0.6 0.3328125 0.0875 0.10625
4 0.90546875 0.28203125 0.0921875 0.1046875
4 0.75546875 0.2078125 0.0796875 0.05625
4 0.6703125 0.1875 0.0546875 0.075
4 0.84453125 0.20703125 0.0484375 0.0640625
4 0.5421875 0.23046875 0.096875 0.1390625
4 0.8125 0.1671875 0.0375 0.046875
2 0.88203125 0.25390625 0.0515625 0.0515625
4 0.69296875 0.15234375 0.0390625 0.0546875
4 0.8296875 0.19375 0.040625 0.05625
4 0.76171875 0.1671875 0.059375 0.053125