4 0.50625 0.56328125 0.2875 0.4546875
4 0.68671875 0.30078125 0.1984375 0.2484375
4 0.2046875 0.36171875 0.134375 0.2078125
4 0.54765625 0.14609375 0.1171875 0.1609375
4 0.44296875 0.23515625 0.1515625 0.2296875
4 0.13125 0.41328125 0.1875 0.1265625
4 0.41328125 0.0859375 0.0671875 0.075
4 0.31015625 0.1296875 0.0484375 0.05625
1 0.26015625 0.20625 0.1140625 0.115625
4 0.26171875 0.26796875 0.1015625 0.1328125
4 0.11953125 0.6828125 0.2390625 0.4453125
3 0.025 0.44375 0.04375 0.075
3 0.03828125 0.35625 0.0484375 0.053125
3 0.1078125 0.30625 0.028125 0.05
3 0.14375 0.27109375 0.028125 0.0390625
3 0.13515625 0.32578125 0.0203125 0.0484375