2 0.503125 0.38359375 0.128125 0.1015625
2 0.11484375 0.17421875 0.0734375 0.0453125
2 0.971875 0.3625 0.053125 0.1125
2 0.9390625 0.2578125 0.075 0.065625
2 0.90625 0.2 0.053125 0.053125
2 0.9921875 0.43046875 0.0125 0.0796875
2 0.9609375 0.290625 0.075 0.09375
4 0.32578125 0.559375 0.3078125 0.31875
4 0.575 0.246875 0.146875 0.1875
4 0.7296875 0.353125 0.13125 0.1875
4 0.07734375 0.23671875 0.1265625 0.1203125
4 0.9078125 0.1515625 0.065625 0.075
4 0.95859375 0.20390625 0.0640625 0.0734375
4 0.78671875 0.29140625 0.1046875 0.1640625
4 0.6359375 0.12890625 0.096875 0.1546875
4 0.75078125 0.14140625 0.0890625 0.0765625
4 0.25546875 0.14921875 0.1453125 0.1390625
1 0.828125 0.07421875 0.05 0.0671875
4 0.63359375 0.7171875 0.5671875 0.5625
4 0.87734375 0.1109375 0.0890625 0.1140625
4 0.7609375 0.084375 0.075 0.046875
4 0.73046875 0.225 0.0890625 0.06875
4 0.32421875 0.159375 0.1109375 0.1125
4 0.740625 0.18203125 0.08125 0.05625
4 0.7453125 0.03515625 0.046875 0.0390625