0 0.49765625 0.7828125 0.0421875 0.08125
0 0.20625 0.746875 0.05625 0.06875
0 0.41640625 0.5296875 0.0265625 0.034375
0 0.0328125 0.8 0.065625 0.075
0 0.5921875 0.73828125 0.04375 0.0703125
0 0.1765625 0.9 0.075 0.09375
0 0.4453125 0.665625 0.0375 0.05625
0 0.11015625 0.72265625 0.0484375 0.0578125
0 0.3 0.69921875 0.05 0.0546875
0 0.06015625 0.7171875 0.0515625 0.065625
0 0.6171875 0.625 0.0375 0.04375
0 0.36953125 0.475 0.0234375 0.03125
0 0.21484375 0.5125 0.0265625 0.040625
0 0.73671875 0.6859375 0.0421875 0.0625
0 0.31171875 0.959375 0.0671875 0.078125
0 0.24921875 0.6390625 0.0421875 0.059375
0 0.06328125 0.63515625 0.0484375 0.0484375
0 0.11796875 0.57109375 0.0359375 0.0359375
0 0.06953125 0.5671875 0.0484375 0.0375
0 0.24140625 0.515625 0.0296875 0.0375
0 0.37578125 0.97265625 0.0671875 0.0515625
0 0.70546875 0.44375 0.0203125 0.028125
0 0.584375 0.58984375 0.025 0.0421875
0 0.33125 0.60078125 0.028125 0.0390625
0 0.36484375 0.553125 0.0296875 0.040625
0 0.0375 0.5671875 0.034375 0.04375
0 0.2640625 0.93046875 0.046875 0.0953125
0 0.184375 0.58125 0.034375 0.040625
0 0.25 0.59609375 0.0390625 0.0546875
0 0.32265625 0.6421875 0.0328125 0.046875
0 0.765625 0.57265625 0.028125 0.0546875