3 0.02578125 0.2953125 0.0265625 0.046875
3 0.0453125 0.2671875 0.021875 0.0375
3 0.1328125 0.2515625 0.021875 0.034375
3 0.0875 0.26328125 0.021875 0.0359375
3 0.18984375 0.22890625 0.0203125 0.0484375
1 0.93984375 0.30703125 0.1171875 0.1765625
2 0.60859375 0.18359375 0.0359375 0.0296875
2 0.8703125 0.234375 0.040625 0.040625
2 0.88359375 0.2484375 0.0421875 0.05625
4 0.30078125 0.746875 0.3890625 0.453125
4 0.7078125 0.62265625 0.284375 0.4484375
1 0.25703125 0.228125 0.1484375 0.13125
4 0.96796875 0.4484375 0.0609375 0.134375
4 0.6734375 0.909375 0.36875 0.178125
4 0.5484375 0.34765625 0.178125 0.275
4 0.74140625 0.24609375 0.075 0.025
4 0.75546875 0.23046875 0.0671875 0.0484375
4 0.74375 0.33125 0.184375 0.153125
4 0.40625 0.20390625 0.071875 0.0828125
4 0.66171875 0.1953125 0.0734375 0.0875
4 0.7484375 0.17265625 0.0625 0.0578125
4 0.4390625 0.15078125 0.0625 0.0796875
4 0.8625 0.19375 0.040625 0.05
4 0.62890625 0.25703125 0.0890625 0.1203125
4 0.64765625 0.2125 0.0671875 0.059375