4 0.11796875 0.48515625 0.2359375 0.3609375
4 0.221875 0.259375 0.1921875 0.228125
4 0.29375 0.15703125 0.1625 0.2390625
4 0.61484375 0.0953125 0.1078125 0.1328125
4 0.4640625 0.0828125 0.109375 0.084375
1 0.48125 0.2265625 0.190625 0.1375
4 0.39921875 0.6390625 0.5421875 0.7203125
3 0.91875 0.43671875 0.05625 0.0859375
3 0.6671875 0.21640625 0.028125 0.0453125
3 0.6984375 0.27734375 0.034375 0.0609375
3 0.73125 0.3109375 0.03125 0.059375
3 0.82578125 0.32421875 0.0390625 0.0671875
3 0.759375 0.2890625 0.03125 0.05
3 0.74375 0.22734375 0.021875 0.0359375
3 0.7046875 0.21015625 0.021875 0.0296875
3 0.72578125 0.2453125 0.0234375 0.03125
3 0.7796875 0.25390625 0.0265625 0.0390625
2 0.625 0.15 0.090625 0.103125
1 0.01796875 0.03203125 0.0359375 0.0640625
2 0.0515625 0.08671875 0.0625 0.0578125