4 0.6703125 0.16484375 0.146875 0.1890625
4 0.140625 0.02421875 0.065625 0.0484375
4 0.4671875 0.12421875 0.125 0.1265625
4 0.3453125 0.1 0.1015625 0.1203125
4 0.58828125 0.08203125 0.0640625 0.084375
4 0.56484375 0.0484375 0.0921875 0.096875
4 0.45234375 0.03203125 0.0734375 0.0640625
3 0.74609375 0.22421875 0.0234375 0.0359375
3 0.775 0.3375 0.040625 0.078125
3 0.85625 0.403125 0.040625 0.053125
3 0.76796875 0.25078125 0.0265625 0.0359375
3 0.81875 0.32421875 0.03125 0.0484375
2 0.87109375 0.5890625 0.2546875 0.321875
1 0.45859375 0.54765625 0.3203125 0.5765625
1 0.26171875 0.21796875 0.1296875 0.1609375
2 0.2484375 0.1015625 0.0625 0.046875
2 0.58515625 0.13515625 0.0328125 0.0578125