4 0.08125 0.66953125 0.1625 0.3765625
4 0.14140625 0.38203125 0.2828125 0.29375
4 0.40859375 0.63125 0.5046875 0.734375
4 0.30703125 0.13671875 0.1421875 0.2234375
4 0.23125 0.2453125 0.1859375 0.2234375
4 0.5734375 0.05 0.0875 0.1
4 0.4609375 0.0515625 0.090625 0.075
2 0.5953125 0.10703125 0.06875 0.0859375
4 0.35859375 0.04140625 0.0703125 0.0828125
4 0.4625 0.1328125 0.11875 0.096875
3 0.96953125 0.62890625 0.0578125 0.1015625
3 0.75546875 0.2265625 0.0265625 0.0375
1 0.6671875 0.19140625 0.1484375 0.175
1 0.47734375 0.2015625 0.1703125 0.15