0 0.6703125 0.88359375 0.05 0.1015625
0 0.20078125 0.85859375 0.0421875 0.0859375
0 0.8359375 0.72421875 0.034375 0.0734375
0 0.13359375 0.590625 0.0296875 0.05
0 0.56171875 0.55546875 0.0171875 0.0359375
0 0.34375 0.56171875 0.01875 0.0421875
0 0.471875 0.68828125 0.025 0.0578125
0 0.684375 0.64296875 0.021875 0.0453125
0 0.2015625 0.58515625 0.01875 0.0484375
0 0.63515625 0.6953125 0.0265625 0.053125
0 0.603125 0.6078125 0.01875 0.040625
0 0.18203125 0.6890625 0.0234375 0.05625
0 0.05078125 0.58984375 0.0296875 0.0515625
0 0.30546875 0.6703125 0.0234375 0.05625
0 0.234375 0.5484375 0.025 0.0421875
0 0.26640625 0.55 0.0140625 0.03125
0 0.16171875 0.65625 0.0265625 0.053125
0 0.51484375 0.61796875 0.0234375 0.0453125
0 0.41875 0.60546875 0.021875 0.0484375
0 0.24140625 0.6453125 0.0265625 0.053125
0 0.390625 0.5625 0.0203125 0.04375
0 0.2171875 0.54453125 0.021875 0.0421875