2 0.25078125 0.271875 0.0734375 0.05
2 0.62109375 0.29375 0.0640625 0.053125
4 0.76015625 0.30078125 0.1140625 0.1671875
4 0.15703125 0.80859375 0.3140625 0.3796875
4 0.70546875 0.73359375 0.3390625 0.4734375
4 0.95 0.36328125 0.096875 0.2234375
4 0.103125 0.36640625 0.20625 0.2125
4 0.8765625 0.221875 0.059375 0.078125
4 0.6625 0.209375 0.05625 0.078125
4 0.66328125 0.153125 0.0609375 0.053125
4 0.37890625 0.2203125 0.134375 0.146875
4 0.915625 0.28828125 0.084375 0.1078125
4 0.75234375 0.19375 0.0734375 0.06875
2 0.8390625 0.215625 0.025 0.053125
1 0.8328125 0.16953125 0.05625 0.0703125
4 0.0953125 0.24765625 0.190625 0.1046875
4 0.69140625 0.14609375 0.0421875 0.0515625
4 0.540625 0.22578125 0.103125 0.1453125
4 0.9265625 0.31796875 0.059375 0.1265625