3 0.215625 0.103125 0.015625 0.028125
3 0.259375 0.0890625 0.015625 0.028125
3 0.29453125 0.07734375 0.0140625 0.0234375
3 0.32109375 0.06875 0.0140625 0.021875
4 0.6546875 0.0203125 0.06875 0.040625
2 0.96875 0.3234375 0.059375 0.09375
2 0.35625 0.0546875 0.040625 0.034375
2 0.4578125 0.01640625 0.028125 0.0328125
2 0.82265625 0.05546875 0.0234375 0.0296875
2 0.52734375 0.03828125 0.0328125 0.0390625
4 0.08125 0.171875 0.1625 0.184375
4 0.36953125 0.446875 0.4515625 0.596875
4 0.5984375 0.16484375 0.128125 0.2171875
4 0.67578125 0.58359375 0.2078125 0.3109375
4 0.740625 0.25546875 0.13125 0.1953125
4 0.9625 0.21875 0.071875 0.121875
4 0.56015625 0.8703125 0.4203125 0.25625
4 0.75 0.03125 0.065625 0.0625
4 0.425 0.0734375 0.0703125 0.059375
4 0.9359375 0.14609375 0.128125 0.1765625
1 0.65625 0.0890625 0.078125 0.1109375
1 0.8796875 0.078125 0.084375 0.09375
4 0.7640625 0.09921875 0.090625 0.1109375
4 0.771875 0.159375 0.115625 0.178125