4 0.68828125 0.30234375 0.1671875 0.2109375
4 0.615625 0.63828125 0.4375 0.7203125
4 0.93828125 0.6953125 0.1203125 0.60625
4 0.49140625 0.09921875 0.0921875 0.1140625
4 0.15 0.49296875 0.190625 0.2921875
4 0.46640625 0.33359375 0.1703125 0.3578125
3 0.05703125 0.43828125 0.0421875 0.0765625
3 0.20625 0.22109375 0.021875 0.0359375
2 0.2375 0.3578125 0.103125 0.11875
2 0.2546875 0.2671875 0.08125 0.0875
4 0.27421875 0.190625 0.0734375 0.10625
4 0.3015625 0.14140625 0.05 0.0734375
3 0.1890625 0.2046875 0.0125 0.0328125
3 0.225 0.2046875 0.01875 0.034375