4 0.6375 0.2578125 0.184375 0.26875
4 0.828125 0.4609375 0.2875 0.334375
4 0.11328125 0.671875 0.2265625 0.4359375
4 0.51328125 0.12265625 0.0984375 0.1359375
4 0.7015625 0.75546875 0.59375 0.4859375
4 0.5203125 0.4640625 0.25625 0.16875
4 0.4765625 0.35 0.209375 0.390625
2 0.2578125 0.3375 0.1 0.0875
2 0.21953125 0.41796875 0.1203125 0.1078125
4 0.28359375 0.20390625 0.0765625 0.1171875
3 0.1546875 0.35859375 0.034375 0.0546875
3 0.21328125 0.215625 0.0203125 0.034375
3 0.190625 0.29375 0.03125 0.05
3 0.09453125 0.39765625 0.0421875 0.0421875
3 0.25546875 0.14296875 0.0171875 0.0265625
3 0.17890625 0.2578125 0.0265625 0.040625
3 0.1203125 0.325 0.025 0.046875
3 0.1328125 0.29921875 0.028125 0.0453125