3 0.98046875 0.746875 0.0359375 0.103125
3 0.89375 0.7453125 0.05625 0.09375
3 0.59453125 0.40859375 0.0203125 0.0234375
3 0.63203125 0.40546875 0.0203125 0.0296875
3 0.54375 0.29921875 0.009375 0.0140625
3 0.61875 0.3828125 0.015625 0.021875
3 0.66171875 0.44140625 0.0265625 0.0359375
3 0.59453125 0.3671875 0.0140625 0.015625
1 0.47578125 0.44453125 0.1203125 0.1796875
1 0.75234375 0.55859375 0.2203125 0.2359375
4 0.41796875 0.26484375 0.0453125 0.0609375
4 0.43203125 0.28984375 0.0515625 0.0671875
2 0.29609375 0.5078125 0.0859375 0.075
4 0.5640625 0.37109375 0.04375 0.0515625
4 0.36328125 0.29375 0.0390625 0.053125
4 0.503125 0.2875 0.0375 0.05
4 0.4390625 0.36171875 0.065625 0.0828125
3 0.92265625 0.7015625 0.0625 0.09375
3 0.91484375 0.640625 0.0609375 0.0578125