4 0.06953125 0.70546875 0.1390625 0.3953125
4 0.9375 0.72578125 0.121875 0.5453125
4 0.61640625 0.225 0.1390625 0.1625
4 0.42734375 0.18359375 0.1015625 0.1484375
4 0.4671875 0.29375 0.121875 0.13125
4 0.54765625 0.165625 0.0796875 0.115625
4 0.3046875 0.15078125 0.05625 0.0828125
1 0.1953125 0.3515625 0.171875 0.203125
1 0.21640625 0.1734375 0.0890625 0.10625
2 0.48125 0.38671875 0.134375 0.1140625
4 0.6109375 0.71171875 0.4921875 0.5765625
2 0.81328125 0.54140625 0.1484375 0.1890625
4 0.2640625 0.25 0.1 0.1359375