4 0.1546875 0.69609375 0.253125 0.3234375
4 0.63671875 0.271875 0.1140625 0.1375
4 0.5515625 0.17109375 0.121875 0.1265625
4 0.22109375 0.33359375 0.1453125 0.2125
4 0.91796875 0.58984375 0.1609375 0.3984375
4 0.2875 0.1703125 0.08125 0.121875
4 0.4546875 0.21328125 0.128125 0.0515625
4 0.1765625 0.43046875 0.19375 0.2453125
4 0.53671875 0.43203125 0.3171875 0.4
4 0.05546875 0.85546875 0.1109375 0.2859375
4 0.478125 0.08671875 0.05 0.0671875
4 0.25859375 0.253125 0.0984375 0.13125
4 0.41875 0.13203125 0.078125 0.1265625
3 0.025 0.53359375 0.05 0.0859375
3 0.0734375 0.38359375 0.04375 0.0578125
3 0.07265625 0.28671875 0.0171875 0.0296875
3 0.05703125 0.459375 0.0546875 0.0875
4 0.69453125 0.79921875 0.6109375 0.3984375