4 0.9109375 0.775 0.175 0.446875
4 0.246875 0.21875 0.2203125 0.278125
4 0.59921875 0.1140625 0.0734375 0.1
4 0.46328125 0.45 0.2765625 0.421875
4 0.4625 0.05625 0.0921875 0.1
4 0.584375 0.0625 0.090625 0.1171875
4 0.35078125 0.0546875 0.0765625 0.109375
4 0.0609375 0.02421875 0.04375 0.0421875
3 0.83046875 0.32734375 0.0421875 0.0703125
3 0.67890625 0.22578125 0.0390625 0.0546875
3 0.759375 0.23125 0.03125 0.0578125
3 0.7953125 0.28984375 0.034375 0.0625
3 0.92265625 0.4359375 0.0546875 0.096875
3 0.66015625 0.15546875 0.0234375 0.04375
3 0.71796875 0.2359375 0.0296875 0.03125
3 0.74296875 0.2046875 0.0265625 0.05625
1 0.46015625 0.16328125 0.1203125 0.1671875
2 0.71640625 0.30703125 0.1296875 0.1140625
2 0.209375 0.1390625 0.0546875 0.0703125