4 0.34296875 0.28203125 0.2140625 0.2890625
4 0.52109375 0.03359375 0.0515625 0.0640625
4 0.4953125 0.27109375 0.10625 0.159375
4 0.33984375 0.08125 0.103125 0.1265625
4 0.471875 0.1453125 0.10625 0.103125
4 0.45390625 0.08125 0.084375 0.1484375
3 0.60703125 0.14296875 0.0203125 0.0453125
3 0.71328125 0.30859375 0.0390625 0.06875
3 0.6578125 0.1359375 0.021875 0.03125
3 0.5953125 0.11484375 0.01875 0.0234375
3 0.67578125 0.26015625 0.0390625 0.0640625
3 0.6375 0.0984375 0.015625 0.028125
3 0.55703125 0.07578125 0.0171875 0.0296875
3 0.73359375 0.2609375 0.0359375 0.0625
1 0.959375 0.71484375 0.078125 0.4140625
1 0.490625 0.0328125 0.1140625 0.065625
2 0.4328125 0.82734375 0.253125 0.3015625