4 0.71171875 0.33046875 0.2234375 0.2859375
4 0.50703125 0.38984375 0.2296875 0.3109375
4 0.54140625 0.15390625 0.1203125 0.15
4 0.4359375 0.18984375 0.109375 0.1203125
4 0.41015625 0.13203125 0.0671875 0.0765625
1 0.1703125 0.2828125 0.1625 0.18125
1 0.2765625 0.1890625 0.115625 0.15
4 0.6546875 0.7609375 0.6875 0.478125
2 0.91953125 0.640625 0.1578125 0.234375
3 0.25390625 0.38359375 0.0421875 0.0671875
3 0.20078125 0.4578125 0.0515625 0.08125
3 0.284375 0.296875 0.034375 0.053125
3 0.0171875 0.3765625 0.034375 0.065625