4 0.85 0.540625 0.296875 0.5
4 0.58359375 0.6015625 0.3703125 0.50625
4 0.58984375 0.20703125 0.1703125 0.2015625
4 0.5234375 0.13671875 0.103125 0.1109375
1 0.15859375 0.30234375 0.1671875 0.1984375
1 0.26796875 0.2140625 0.1171875 0.15625
4 0.46328125 0.2796875 0.1578125 0.175
4 0.4234375 0.15625 0.096875 0.1328125
4 0.475 0.08671875 0.0625 0.0953125
3 0.05703125 0.7078125 0.0734375 0.134375
3 0.015625 0.40625 0.03125 0.06875
3 0.04921875 0.35234375 0.0390625 0.0578125
4 0.6375 0.91015625 0.6765625 0.1796875