4 0.2546875 0.24453125 0.19375 0.2546875
4 0.4109375 0.5484375 0.203125 0.33125
2 0.7703125 0.4046875 0.1828125 0.203125
4 0.7 0.2625 0.1515625 0.18125
4 0.590625 0.1046875 0.06875 0.09375
4 0.06640625 0.71015625 0.1328125 0.5734375
4 0.94375 0.8078125 0.109375 0.38125
4 0.475 0.30859375 0.190625 0.2875
4 0.053125 0.0390625 0.0625 0.078125
4 0.35234375 0.08046875 0.0828125 0.1390625
4 0.3109375 0.140625 0.08125 0.125
3 0.9609375 0.5265625 0.0625 0.109375
3 0.78125 0.2828125 0.025 0.04375
3 0.884375 0.37265625 0.046875 0.0796875
3 0.91328125 0.41953125 0.0515625 0.09375
2 0.875 0.62578125 0.21875 0.2296875
2 0.1078125 0.48984375 0.165625 0.1796875