4 0.61328125 0.2328125 0.1609375 0.21875
4 0.21015625 0.321875 0.1796875 0.271875
4 0.44921875 0.27421875 0.1515625 0.2234375
4 0.89375 0.68359375 0.209375 0.6265625
4 0.67578125 0.69140625 0.6359375 0.6140625
4 0.51484375 0.13046875 0.06875 0.096875
4 0.4640625 0.07265625 0.05625 0.0640625
4 0.31328125 0.1328125 0.0515625 0.071875
4 0.42109375 0.10390625 0.0765625 0.0734375
2 0.10703125 0.65859375 0.2078125 0.2421875
4 0.025 0.8890625 0.05 0.21875
3 0.028125 0.384375 0.046875 0.065625
3 0.10859375 0.3578125 0.0296875 0.059375
3 0.2515625 0.1484375 0.021875 0.034375
3 0.2796875 0.134375 0.015625 0.03125
3 0.0234375 0.49453125 0.046875 0.0671875
3 0.01015625 0.5609375 0.0203125 0.115625