4 0.04765625 0.73046875 0.0953125 0.5359375
3 0.828125 0.42578125 0.05625 0.0953125
3 0.9234375 0.43125 0.05 0.0875
3 0.79296875 0.34375 0.0328125 0.046875
3 0.7796875 0.2609375 0.028125 0.040625
3 0.85 0.3421875 0.025 0.053125
1 0.47109375 0.3640625 0.2234375 0.36875
4 0.63671875 0.12109375 0.1234375 0.1546875
2 0.7 0.27890625 0.14375 0.1609375
4 0.35078125 0.0875 0.0953125 0.1109375
4 0.46484375 0.0953125 0.115625 0.0953125
1 0.228125 0.12265625 0.090625 0.1140625
4 0.55703125 0.04453125 0.0921875 0.0890625
4 0.3671875 0.77890625 0.734375 0.4390625
2 0.32890625 0.1328125 0.0640625 0.071875
4 0.578125 0.0703125 0.05625 0.0796875