4 0.684375 0.21171875 0.10625 0.1484375
4 0.31484375 0.1046875 0.109375 0.15625
4 0.628125 0.1109375 0.1203125 0.1734375
4 0.43515625 0.18203125 0.153125 0.240625
4 0.4640625 0.053125 0.103125 0.09375
3 0.890625 0.53125 0.06875 0.109375
3 0.96484375 0.5890625 0.0671875 0.121875
3 0.84296875 0.38671875 0.0546875 0.0765625
3 0.81015625 0.290625 0.0359375 0.0625
3 0.74609375 0.21796875 0.0203125 0.0296875
3 0.7890625 0.49921875 0.065625 0.1109375
3 0.9046875 0.4515625 0.05 0.078125
3 0.7640625 0.28671875 0.0375 0.0640625
3 0.7921875 0.2703125 0.028125 0.040625
4 0.4265625 0.4859375 0.271875 0.39375
2 0.734375 0.3703125 0.140625 0.11875
2 0.240625 0.10078125 0.046875 0.0484375