0 0.6328125 0.91953125 0.05625 0.1015625
0 0.36875 0.72421875 0.0375 0.0703125
0 0.1375 0.95546875 0.06875 0.0859375
0 0.40390625 0.75234375 0.0390625 0.0765625
0 0.4734375 0.69453125 0.034375 0.0671875
0 0.65546875 0.534375 0.0203125 0.04375
0 0.74453125 0.69453125 0.0359375 0.0703125
0 0.85625 0.6890625 0.034375 0.059375
0 0.79296875 0.68828125 0.0390625 0.0703125
0 0.6171875 0.646875 0.028125 0.05625
0 0.49375 0.6109375 0.021875 0.04375
0 0.684375 0.68828125 0.028125 0.0546875
0 0.56484375 0.53984375 0.0203125 0.0421875
0 0.69375 0.53203125 0.01875 0.0453125
0 0.14296875 0.8140625 0.0578125 0.084375
0 0.64609375 0.6734375 0.0296875 0.059375
0 0.7265625 0.4984375 0.015625 0.0375
0 0.73359375 0.5921875 0.0203125 0.04375
0 0.5515625 0.61953125 0.028125 0.0515625
0 0.6734375 0.5 0.01875 0.0375
0 0.55625 0.7015625 0.034375 0.0625
0 0.5890625 0.5828125 0.028125 0.05
0 0.82265625 0.50859375 0.0203125 0.0421875
0 0.775 0.5234375 0.021875 0.04375
0 0.6 0.5375 0.021875 0.040625
0 0.88828125 0.50859375 0.0203125 0.0359375
0 0.69765625 0.65 0.0359375 0.053125
0 0.75078125 0.55859375 0.0203125 0.0453125
0 0.809375 0.6125 0.028125 0.046875