2 0.8859375 0.19453125 0.04375 0.0453125
4 0.5875 0.26015625 0.096875 0.1296875
2 0.55078125 0.1859375 0.0421875 0.046875
2 0.39375 0.1078125 0.034375 0.034375
2 0.93203125 0.2640625 0.0671875 0.075
4 0.20546875 0.19296875 0.1828125 0.1578125
4 0.490625 0.3953125 0.23125 0.28125
4 0.69453125 0.66171875 0.3421875 0.5328125
4 0.2140625 0.7015625 0.428125 0.59375
4 0.85390625 0.12890625 0.0484375 0.0578125
4 0.9640625 0.36484375 0.06875 0.2765625
4 0.65 0.1234375 0.0875 0.125
4 0.72734375 0.31875 0.2234375 0.178125
4 0.43046875 0.1296875 0.0828125 0.1
4 0.75234375 0.15859375 0.0828125 0.0640625
4 0.93203125 0.1828125 0.0546875 0.04375
4 0.3140625 0.15703125 0.075 0.0703125
4 0.75625 0.09921875 0.06875 0.0671875
4 0.74140625 0.22578125 0.0953125 0.0265625
4 0.83359375 0.1 0.0671875 0.0890625
4 0.77421875 0.215625 0.0859375 0.05625
4 0.24453125 0.578125 0.3640625 0.34375
4 0.6234375 0.20859375 0.1078125 0.125