4 0.45625 0.38359375 0.25625 0.4671875
1 0.40078125 0.80078125 0.4953125 0.3953125
4 0.84296875 0.58203125 0.309375 0.6765625
4 0.6265625 0.1625 0.0859375 0.103125
4 0.61328125 0.10546875 0.1078125 0.1234375
4 0.72109375 0.31484375 0.171875 0.1953125
4 0.45859375 0.10859375 0.1328125 0.10625
4 0.3328125 0.109375 0.115625 0.15625
4 0.29453125 0.1671875 0.1421875 0.1921875
4 0.1890625 0.33046875 0.3046875 0.4203125
3 0.68125 0.153125 0.021875 0.034375
3 0.6921875 0.10703125 0.01875 0.0265625
3 0.7078125 0.184375 0.0296875 0.0515625
3 0.6921875 0.1734375 0.01875 0.034375
2 0.04609375 0.66328125 0.0921875 0.2203125
2 0.64296875 0.23828125 0.0796875 0.0765625