4 0.73203125 0.3265625 0.1765625 0.209375
4 0.4125 0.50625 0.21875 0.34375
4 0.12734375 0.47734375 0.2546875 0.4421875
3 0.87265625 0.653125 0.0828125 0.128125
3 0.60078125 0.14765625 0.0234375 0.0421875
3 0.8296875 0.35 0.028125 0.05625
3 0.659375 0.1734375 0.028125 0.046875
3 0.68515625 0.2078125 0.028125 0.0375
3 0.571875 0.1171875 0.021875 0.0375
3 0.8890625 0.36953125 0.028125 0.084375
3 0.86328125 0.40546875 0.0421875 0.0484375
3 0.6875 0.1484375 0.01875 0.034375
3 0.97578125 0.4890625 0.0484375 0.1046875
3 0.90546875 0.54765625 0.0609375 0.128125
3 0.70859375 0.17734375 0.0234375 0.0328125
3 0.64375 0.140625 0.021875 0.03125
3 0.85703125 0.51171875 0.0609375 0.0734375
4 0.29921875 0.146875 0.140625 0.184375
4 0.4734375 0.2046875 0.11875 0.1625
4 0.45390625 0.12890625 0.0984375 0.1265625
4 0.57265625 0.053125 0.0546875 0.071875
4 0.3375 0.07890625 0.090625 0.1578125
4 0.45703125 0.0421875 0.0859375 0.0625