4 0.2109375 0.3203125 0.253125 0.315625
4 0.625 0.1578125 0.0875 0.121875
4 0.4484375 0.515625 0.303125 0.490625
4 0.34296875 0.0796875 0.1046875 0.159375
2 0.81796875 0.49296875 0.2171875 0.2453125
4 0.3546875 0.8828125 0.3875 0.23125
4 0.0703125 0.71015625 0.140625 0.575
4 0.9484375 0.81484375 0.1 0.3671875
4 0.3109375 0.153125 0.1234375 0.215625
4 0.45703125 0.1734375 0.1484375 0.2046875
4 0.45078125 0.24453125 0.1359375 0.0640625
4 0.58125 0.0765625 0.0625 0.078125
4 0.75 0.34140625 0.196875 0.2234375
3 0.68359375 0.19140625 0.0203125 0.0390625
3 0.94296875 0.52421875 0.0390625 0.0671875
3 0.9828125 0.50390625 0.03125 0.0640625
3 0.71328125 0.20390625 0.0328125 0.0515625
2 0.8921875 0.69140625 0.2125 0.2453125