0 0.28671875 0.68203125 0.0640625 0.1171875
0 0.38671875 0.4765625 0.0421875 0.078125
0 0.515625 0.26171875 0.028125 0.0421875
0 0.54375 0.478125 0.04375 0.084375
0 0.64453125 0.42109375 0.0328125 0.0671875
0 0.2625 0.5640625 0.046875 0.090625
0 0.7234375 0.4515625 0.04375 0.08125
0 0.8078125 0.3296875 0.03125 0.065625
0 0.7328125 0.3375 0.0375 0.0625
0 0.5828125 0.25859375 0.021875 0.0453125
0 0.91875 0.3609375 0.034375 0.0625
0 0.69609375 0.209375 0.0234375 0.04375
0 0.47890625 0.36015625 0.0328125 0.0640625
0 0.8828125 0.31171875 0.034375 0.0609375
0 0.6375 0.25625 0.025 0.05
0 0.665625 0.33515625 0.0375 0.0640625
0 0.559375 0.33984375 0.0375 0.0265625
0 0.628125 0.34140625 0.034375 0.0671875
0 0.77109375 0.3125 0.0296875 0.05625
0 0.75546875 0.41953125 0.0390625 0.0734375