4 0.3015625 0.14765625 0.1390625 0.2359375
4 0.4609375 0.2484375 0.115625 0.171875
4 0.45234375 0.86328125 0.5734375 0.2703125
1 0.52421875 0.03828125 0.0828125 0.0765625
4 0.46171875 0.09375 0.0953125 0.115625
4 0.35390625 0.06015625 0.0734375 0.1203125
4 0.47578125 0.12734375 0.0890625 0.090625
3 0.85390625 0.38828125 0.0421875 0.0796875
3 0.85625 0.54765625 0.059375 0.1109375
3 0.7796875 0.1875 0.03125 0.046875
3 0.67109375 0.1609375 0.0203125 0.040625
3 0.75859375 0.3453125 0.0328125 0.059375
3 0.6421875 0.11484375 0.0203125 0.0296875
3 0.7390625 0.2671875 0.034375 0.065625