4 0.4953125 0.3953125 0.221875 0.29375
2 0.1765625 0.70390625 0.2625 0.3765625
2 0.715625 0.35078125 0.15 0.1703125
4 0.57421875 0.21171875 0.1515625 0.20625
4 0.43515625 0.18359375 0.1078125 0.1453125
2 0.18671875 0.47265625 0.1609375 0.1515625
1 0.1890625 0.22421875 0.121875 0.1390625
4 0.26796875 0.30625 0.1046875 0.153125
4 0.640625 0.84140625 0.41875 0.3140625
4 0.29921875 0.16015625 0.0828125 0.1171875
4 0.46640625 0.07109375 0.0578125 0.0796875
4 0.93671875 0.79765625 0.1234375 0.4015625
4 0.3953125 0.059375 0.0375 0.04375
4 0.409375 0.08671875 0.034375 0.0453125