4 0.66875 0.28125 0.234375 0.30625
4 0.83984375 0.70234375 0.3171875 0.5921875
2 0.0828125 0.84609375 0.165625 0.3046875
4 0.21015625 0.36796875 0.1453125 0.2140625
4 0.4859375 0.3953125 0.23125 0.4375
4 0.56171875 0.17421875 0.1015625 0.1171875
4 0.109375 0.63046875 0.21875 0.3921875
4 0.5015625 0.1140625 0.084375 0.121875
4 0.43046875 0.13515625 0.0921875 0.1015625
3 0.0765625 0.415625 0.0375 0.0625
3 0.1296875 0.3359375 0.0375 0.059375
2 0.1921875 0.51015625 0.11875 0.1671875
4 0.2640625 0.278125 0.09375 0.1109375
4 0.303125 0.13828125 0.046875 0.0609375
4 0.28046875 0.2171875 0.078125 0.078125