4 0.8234375 0.471875 0.35 0.4875
4 0.259375 0.2328125 0.128125 0.190625
4 0.56640625 0.18125 0.1234375 0.165625
4 0.44140625 0.2109375 0.1203125 0.121875
4 0.09453125 0.784375 0.1890625 0.428125
4 0.5078125 0.1171875 0.0578125 0.090625
4 0.45625 0.0640625 0.05 0.05625
4 0.5703125 0.63046875 0.4546875 0.7390625
4 0.32578125 0.11015625 0.0484375 0.0609375
4 0.41953125 0.10234375 0.0765625 0.0796875
2 0.19296875 0.43671875 0.1390625 0.1421875
4 0.08046875 0.5359375 0.1609375 0.090625
3 0.171875 0.2875 0.028125 0.053125
3 0.1359375 0.325 0.03125 0.05
3 0.0640625 0.3453125 0.03125 0.05625
3 0.1125 0.40546875 0.040625 0.0703125
3 0.02109375 0.459375 0.0421875 0.08125
3 0.0984375 0.36328125 0.028125 0.0453125
3 0.28515625 0.10546875 0.0140625 0.0234375
3 0.19375 0.2484375 0.015625 0.0375
3 0.26796875 0.1296875 0.0171875 0.025