4 0.3140625 0.11484375 0.128125 0.1765625
4 0.42421875 0.44453125 0.2765625 0.4140625
4 0.1515625 0.3734375 0.303125 0.4375
4 0.46953125 0.16328125 0.1578125 0.1828125
4 0.46796875 0.040625 0.0640625 0.065625
1 0.0453125 0.04765625 0.090625 0.0953125
3 0.81484375 0.403125 0.0515625 0.090625
3 0.80859375 0.63125 0.0734375 0.146875
3 0.9125 0.440625 0.05625 0.1
3 0.675 0.20078125 0.028125 0.0515625
3 0.74453125 0.4625 0.0578125 0.1109375
3 0.6953125 0.17421875 0.01875 0.0484375
3 0.66171875 0.140625 0.0171875 0.025
1 0.9578125 0.65625 0.08125 0.375
2 0.42734375 0.9109375 0.2984375 0.175
4 0.35234375 0.0515625 0.0703125 0.103125