4 0.2390625 0.25234375 0.25625 0.33125
4 0.11015625 0.63359375 0.2203125 0.7328125
4 0.4609375 0.2859375 0.2375 0.30625
4 0.35703125 0.703125 0.5078125 0.590625
4 0.57890625 0.05859375 0.0859375 0.1078125
4 0.46796875 0.07890625 0.1109375 0.0859375
4 0.340625 0.0828125 0.1 0.134375
3 0.94140625 0.6828125 0.0765625 0.15
3 0.70859375 0.1953125 0.0328125 0.040625
3 0.696875 0.1609375 0.028125 0.04375
2 0.05625 0.03359375 0.08125 0.0328125
3 0.61875 0.13359375 0.021875 0.0265625
3 0.6640625 0.14609375 0.01875 0.028125