4 0.86171875 0.64609375 0.2734375 0.7046875
4 0.68203125 0.31875 0.1890625 0.246875
4 0.221875 0.3453125 0.128125 0.1875
4 0.4453125 0.21796875 0.115625 0.1765625
4 0.2796875 0.2390625 0.14375 0.203125
4 0.51875 0.4203125 0.18125 0.225
4 0.634375 0.81484375 0.353125 0.3671875
4 0.54453125 0.14765625 0.0796875 0.1234375
4 0.60703125 0.23828125 0.0953125 0.1359375
4 0.4921875 0.12890625 0.046875 0.0953125
4 0.46171875 0.05859375 0.0421875 0.0609375
4 0.525 0.68828125 0.24375 0.3890625
4 0.57421875 0.20390625 0.1078125 0.1078125
3 0.13515625 0.33984375 0.0328125 0.0609375
3 0.00390625 0.475 0.0078125 0.071875
3 0.2640625 0.09140625 0.0125 0.0203125
3 0.16640625 0.278125 0.0234375 0.04375
3 0.22734375 0.0984375 0.0203125 0.034375
2 0.10390625 0.64140625 0.2078125 0.2484375
2 0.159375 0.4734375 0.153125 0.15
2 0.05546875 0.3890625 0.1109375 0.121875
2 0.4484375 0.35078125 0.078125 0.0921875