4 0.69140625 0.31171875 0.2546875 0.2890625
4 0.1265625 0.7453125 0.253125 0.484375
4 0.228125 0.328125 0.140625 0.1875
4 0.9328125 0.82109375 0.13125 0.3546875
4 0.5515625 0.54453125 0.259375 0.4015625
4 0.55390625 0.2140625 0.0859375 0.11875
4 0.5046875 0.1109375 0.078125 0.096875
4 0.2953125 0.17890625 0.075 0.1015625
1 0.4609375 0.29140625 0.1640625 0.2359375
2 0.8203125 0.5265625 0.209375 0.209375
4 0.16875 0.41171875 0.1546875 0.196875
3 0.03515625 0.5046875 0.0453125 0.071875
3 0.09921875 0.38046875 0.0234375 0.0640625