4 0.88671875 0.690625 0.2234375 0.615625
4 0.57109375 0.18046875 0.0984375 0.1328125
4 0.2703125 0.23125 0.0875 0.128125
4 0.07265625 0.771875 0.1453125 0.453125
4 0.434375 0.2546875 0.121875 0.125
4 0.51953125 0.14375 0.0640625 0.0875
3 0.2 0.2265625 0.046875 0.05
4 0.48515625 0.09140625 0.0609375 0.0765625
4 0.42734375 0.14453125 0.0921875 0.1046875
4 0.26953125 0.153125 0.0734375 0.04375
4 0.490625 0.490625 0.234375 0.428125
2 0.74453125 0.45078125 0.1046875 0.1265625
3 0.06875 0.4390625 0.05 0.078125
3 0.12109375 0.37890625 0.0390625 0.0640625