4 0.77109375 0.4046875 0.1859375 0.240625
4 0.47734375 0.43984375 0.2921875 0.4265625
4 0.24296875 0.27578125 0.1296875 0.2015625
4 0.6015625 0.23046875 0.134375 0.1296875
4 0.45625 0.2125 0.1375 0.1
4 0.54375 0.14765625 0.078125 0.1234375
3 0.06640625 0.41484375 0.0359375 0.0671875
3 0.10625 0.39375 0.0375 0.06875
3 0.15859375 0.29140625 0.0328125 0.0515625
3 0.1265625 0.3640625 0.03125 0.053125
2 0.59296875 0.871875 0.2546875 0.253125
2 0.93828125 0.72734375 0.1203125 0.2328125
1 0.27109375 0.1546875 0.0953125 0.065625
4 0.42578125 0.13984375 0.0890625 0.0609375
4 0.496875 0.125 0.05 0.075
4 0.4859375 0.084375 0.0609375 0.09375