4 0.62734375 0.23515625 0.1296875 0.1765625
4 0.1421875 0.49921875 0.24375 0.3390625
4 0.8421875 0.54765625 0.3125 0.6359375
1 0.23515625 0.290625 0.1515625 0.175
4 0.4484375 0.2234375 0.1125 0.134375
4 0.63515625 0.64765625 0.4890625 0.7015625
4 0.28359375 0.16484375 0.0953125 0.1234375
4 0.51171875 0.10625 0.0765625 0.096875
4 0.52421875 0.14140625 0.0734375 0.0984375
4 0.4578125 0.06328125 0.04375 0.0640625
4 0.42109375 0.1578125 0.0671875 0.1
3 0.01953125 0.4875 0.0390625 0.078125
2 0.0609375 0.884375 0.121875 0.228125