4 0.89296875 0.68203125 0.2109375 0.3671875
4 0.265625 0.225 0.146875 0.196875
4 0.12578125 0.41171875 0.2515625 0.3765625
4 0.62734375 0.1203125 0.1109375 0.134375
4 0.31171875 0.1171875 0.1046875 0.178125
4 0.46171875 0.06640625 0.0765625 0.1328125
4 0.45546875 0.3484375 0.2140625 0.4109375
4 0.44921875 0.80078125 0.4484375 0.3953125
4 0.54609375 0.04453125 0.0578125 0.0703125
4 0.446875 0.14453125 0.078125 0.0828125
1 0.5859375 0.06796875 0.08125 0.0953125
3 0.77421875 0.246875 0.034375 0.059375
3 0.90625 0.453125 0.053125 0.096875
3 0.8203125 0.38125 0.05 0.084375
3 0.73046875 0.20078125 0.0265625 0.0390625
3 0.88671875 0.375 0.0453125 0.078125
3 0.70078125 0.17578125 0.0265625 0.0328125
2 0.6625 0.2546875 0.10625 0.09375
4 0.03203125 0.06796875 0.0640625 0.0609375
4 0.14296875 0.01796875 0.0515625 0.0359375