4 0.6921875 0.30390625 0.215625 0.2515625
4 0.56484375 0.72265625 0.3140625 0.4953125
4 0.43125 0.1828125 0.10625 0.1625
4 0.478125 0.371875 0.184375 0.2375
4 0.2796875 0.1984375 0.09375 0.121875
4 0.5328125 0.14921875 0.078125 0.1046875
4 0.1046875 0.73828125 0.209375 0.4703125
4 0.4984375 0.11171875 0.075 0.1078125
4 0.259375 0.29453125 0.13125 0.2015625
2 0.91484375 0.81328125 0.1671875 0.3484375
2 0.571875 0.2234375 0.078125 0.071875
3 0.14140625 0.334375 0.0328125 0.053125
3 0.090625 0.43828125 0.046875 0.0734375
3 0.18828125 0.2625 0.0234375 0.05
3 0.04921875 0.47734375 0.0484375 0.0703125
3 0.09453125 0.36875 0.0328125 0.04375