4 0.83046875 0.4546875 0.2890625 0.378125
4 0.1484375 0.540625 0.20625 0.328125
4 0.259375 0.27734375 0.103125 0.1546875
4 0.46328125 0.29375 0.1390625 0.15
4 0.58671875 0.20078125 0.1046875 0.1265625
1 0.3015625 0.14609375 0.08125 0.1078125
4 0.42734375 0.1640625 0.0828125 0.090625
4 0.5359375 0.159375 0.06875 0.09375
4 0.46171875 0.0703125 0.0515625 0.075
1 0.24375 0.19609375 0.10625 0.1328125
3 0.1609375 0.234375 0.025 0.04375
3 0.0234375 0.52109375 0.046875 0.0953125
3 0.0875 0.41015625 0.04375 0.0578125
3 0.04921875 0.4640625 0.0453125 0.0625