4 0.10234375 0.59375 0.2046875 0.334375
4 0.20625 0.36640625 0.1625 0.2140625
4 0.8390625 0.46640625 0.31875 0.4546875
4 0.58828125 0.18828125 0.11875 0.1265625
4 0.2953125 0.18828125 0.071875 0.1015625
4 0.590625 0.26875 0.10625 0.128125
4 0.53203125 0.14296875 0.0890625 0.1109375
4 0.67421875 0.34375 0.0828125 0.203125
4 0.42265625 0.171875 0.0765625 0.071875
4 0.58046875 0.6375 0.3359375 0.4375
1 0.503125 0.41328125 0.228125 0.3171875
2 0.103125 0.87578125 0.190625 0.2453125
3 0.190625 0.24609375 0.025 0.0359375
3 0.23359375 0.18125 0.0203125 0.0375