4 0.23984375 0.3578125 0.1453125 0.20625
4 0.95234375 0.7484375 0.0921875 0.5
4 0.77421875 0.4125 0.2671875 0.296875
4 0.6484375 0.28203125 0.146875 0.1828125
4 0.57890625 0.19921875 0.1359375 0.2046875
4 0.46484375 0.24140625 0.1765625 0.2390625
1 0.13828125 0.9046875 0.2765625 0.1875
4 0.6265625 0.6625 0.45 0.671875
4 0.26171875 0.24453125 0.1015625 0.1046875
4 0.09765625 0.61328125 0.1953125 0.3765625
3 0.12890625 0.3453125 0.0328125 0.05
3 0.08828125 0.40703125 0.0359375 0.0515625
3 0.17265625 0.28359375 0.0265625 0.0453125
3 0.02421875 0.41796875 0.0390625 0.0609375
3 0.1921875 0.25 0.021875 0.03125
3 0.08359375 0.35703125 0.0265625 0.0265625