4 0.71328125 0.290625 0.1453125 0.178125
4 0.8640625 0.55546875 0.26875 0.3390625
4 0.07734375 0.69296875 0.1546875 0.6109375
4 0.46328125 0.5953125 0.3796875 0.678125
4 0.315625 0.11015625 0.121875 0.1671875
1 0.45546875 0.08203125 0.0890625 0.1109375
4 0.47890625 0.1921875 0.1515625 0.1625
4 0.56875 0.0609375 0.053125 0.075
4 0.36796875 0.0265625 0.0515625 0.05
4 0.45859375 0.0234375 0.06875 0.046875
3 0.69375 0.16640625 0.021875 0.0328125
3 0.59453125 0.1203125 0.0203125 0.03125
3 0.6125 0.1296875 0.01875 0.028125
2 0.24140625 0.1 0.0640625 0.05
2 0.64609375 0.19609375 0.0921875 0.0796875
3 0.73125 0.1875 0.028125 0.034375