4 0.83359375 0.475 0.2671875 0.290625
4 0.19140625 0.33828125 0.2984375 0.3421875
4 0.45390625 0.675 0.2578125 0.415625
4 0.43828125 0.39765625 0.1734375 0.2125
4 0.32890625 0.14453125 0.1203125 0.1703125
4 0.49375 0.2703125 0.109375 0.15625
4 0.45390625 0.0828125 0.0828125 0.146875
4 0.46640625 0.18984375 0.1140625 0.1953125
3 0.62421875 0.23203125 0.0296875 0.0578125
3 0.75625 0.284375 0.0375 0.06875
3 0.78359375 0.30390625 0.0359375 0.0578125
3 0.70546875 0.2703125 0.0359375 0.059375
3 0.73046875 0.2328125 0.0265625 0.04375
1 0.66171875 0.140625 0.1203125 0.1375