4 0.46171875 0.2375 0.1453125 0.2
4 0.32734375 0.09765625 0.1078125 0.1515625
4 0.6203125 0.1125 0.115625 0.14375
4 0.478125 0.371875 0.15625 0.2125
3 0.76875 0.55703125 0.071875 0.1359375
3 0.69375 0.1640625 0.025 0.040625
3 0.8390625 0.7421875 0.0875 0.1625
3 0.7140625 0.41953125 0.053125 0.0859375
3 0.703125 0.22890625 0.03125 0.0515625
3 0.815625 0.38203125 0.046875 0.0859375
3 0.87265625 0.5765625 0.071875 0.115625
3 0.9046875 0.51875 0.0625 0.115625
3 0.98125 0.6390625 0.0375 0.13125
3 0.9484375 0.4890625 0.0359375 0.06875
3 0.7515625 0.384375 0.046875 0.084375
3 0.809375 0.303125 0.03125 0.053125
3 0.7671875 0.23359375 0.025 0.059375
3 0.85703125 0.37109375 0.04375 0.0828125
3 0.71796875 0.1875 0.0296875 0.0453125
3 0.78984375 0.27421875 0.0359375 0.0671875
3 0.7328125 0.26953125 0.040625 0.0578125
3 0.95703125 0.825 0.0859375 0.184375
3 0.9046875 0.41640625 0.05 0.0796875
4 0.42578125 0.73828125 0.7765625 0.5203125
2 0.265625 0.1875 0.0875 0.075
4 0.46875 0.09140625 0.1140625 0.109375