4 0.903125 0.60234375 0.190625 0.4015625
2 0.190625 0.42578125 0.1578125 0.2078125
4 0.68984375 0.34375 0.1703125 0.209375
4 0.4484375 0.23515625 0.134375 0.1703125
1 0.53515625 0.771875 0.5703125 0.453125
4 0.53671875 0.49609375 0.2671875 0.3265625
4 0.5203125 0.14453125 0.1 0.1390625
4 0.45703125 0.0609375 0.0453125 0.0625
2 0.25625 0.2921875 0.090625 0.103125
2 0.590625 0.21875 0.0875 0.1
4 0.29609375 0.19609375 0.0640625 0.0859375
1 0.24375 0.1546875 0.0703125 0.090625
4 0.42109375 0.12734375 0.0765625 0.0890625