0 0.65 0.40625 0.046875 0.090625
0 0.3984375 0.55234375 0.059375 0.1171875
0 0.7609375 0.409375 0.034375 0.084375
0 0.96796875 0.4515625 0.0359375 0.1
0 0.57578125 0.55234375 0.0640625 0.1171875
0 0.70703125 0.22734375 0.0328125 0.0703125
0 0.78828125 0.59453125 0.0671875 0.1265625
0 0.4296875 0.1625 0.04375 0.078125
0 0.97578125 0.1390625 0.0453125 0.04375
0 0.640625 0.23046875 0.028125 0.0640625
0 0.5546875 0.8828125 0.0875 0.165625
0 0.8625 0.27890625 0.028125 0.0671875
0 0.95859375 0.26171875 0.0484375 0.0734375
0 0.290625 0.04296875 0.025 0.0484375
0 0.5890625 0.221875 0.025 0.05
0 0.8453125 0.18125 0.03125 0.0625
0 0.9 0.60078125 0.06875 0.1234375
0 0.75234375 0.91640625 0.0609375 0.1515625
0 0.80234375 0.22734375 0.0296875 0.0703125