0 0.9765625 0.87890625 0.04375 0.1453125
0 0.784375 0.61875 0.06875 0.11875
0 0.24609375 0.7015625 0.0703125 0.134375
0 0.72890625 0.8546875 0.0921875 0.1625
0 0.31953125 0.6359375 0.0734375 0.128125
0 0.89453125 0.35 0.0421875 0.0875
0 0.8421875 0.4578125 0.046875 0.0875
0 0.49609375 0.22109375 0.0453125 0.0765625
0 0.68125 0.25390625 0.040625 0.0734375
0 0.34375 0.29609375 0.0375 0.0734375
0 0.44140625 0.2984375 0.0390625 0.078125
0 0.0875 0.128125 0.071875 0.053125
0 0.05703125 0.25078125 0.0515625 0.0734375
0 0.05859375 0.5640625 0.0671875 0.1125
0 0.79609375 0.39140625 0.0484375 0.0921875
0 0.24296875 0.1515625 0.0234375 0.04375
0 0.7625 0.26015625 0.034375 0.0640625
0 0.2625 0.4953125 0.046875 0.075
0 0.303125 0.19921875 0.03125 0.0609375
0 0.73515625 0.11484375 0.0484375 0.0359375
0 0.871875 0.1859375 0.046875 0.075
0 0.46171875 0.14296875 0.0234375 0.0578125
0 0.58359375 0.18984375 0.0296875 0.0515625
0 0.3625 0.146875 0.021875 0.040625
0 0.15625 0.1375 0.028125 0.059375
0 0.4203125 0.52265625 0.05625 0.1109375