4 0.18984375 0.30859375 0.2515625 0.3015625
4 0.86953125 0.62109375 0.2578125 0.3828125
4 0.68984375 0.26875 0.1203125 0.15
4 0.30703125 0.15234375 0.1421875 0.2046875
4 0.66328125 0.16796875 0.1453125 0.1671875
1 0.54765625 0.0296875 0.078125 0.059375
4 0.45546875 0.1796875 0.1125 0.15625
4 0.359375 0.04375 0.06875 0.0875
3 0.7828125 0.34453125 0.0375 0.0546875
3 0.86640625 0.36328125 0.0390625 0.0546875
3 0.91015625 0.39453125 0.053125 0.078125
3 0.82890625 0.30625 0.034375 0.06875
2 0.7640625 0.45859375 0.14375 0.1359375
4 0.296875 0.759375 0.59375 0.48125