4 0.2328125 0.2578125 0.2421875 0.35625
4 0.45390625 0.121875 0.1109375 0.175
4 0.4390625 0.4046875 0.178125 0.24375
4 0.4328125 0.75859375 0.325 0.4796875
4 0.3640625 0.02734375 0.05625 0.0546875
2 0.80625 0.45703125 0.19375 0.1984375
4 0.05390625 0.04453125 0.0796875 0.0890625
4 0.61796875 0.14765625 0.0953125 0.1109375
4 0.1078125 0.6546875 0.215625 0.690625
3 0.82421875 0.31953125 0.0390625 0.075
3 0.75234375 0.25390625 0.028125 0.0453125
3 0.79609375 0.275 0.0359375 0.06875
3 0.7140625 0.1875 0.025 0.034375
3 0.96171875 0.54296875 0.0734375 0.109375
3 0.915625 0.4546875 0.034375 0.05625
3 0.7390625 0.20390625 0.025 0.04375
2 0.6671875 0.24140625 0.09375 0.0765625