4 0.55078125 0.625 0.4234375 0.746875
4 0.071875 0.81171875 0.14375 0.3734375
4 0.928125 0.68515625 0.140625 0.6265625
4 0.26875 0.22734375 0.090625 0.1265625
4 0.528125 0.1453125 0.1125 0.121875
4 0.42578125 0.1421875 0.0890625 0.1
4 0.45234375 0.2203125 0.1296875 0.078125
4 0.2953125 0.1546875 0.059375 0.084375
4 0.7953125 0.459375 0.35 0.546875
4 0.57109375 0.19921875 0.0859375 0.1078125
4 0.2125 0.35703125 0.140625 0.1265625
1 0.1296875 0.51171875 0.259375 0.3640625
3 0.20390625 0.2390625 0.0234375 0.0375
3 0.225 0.18671875 0.01875 0.0359375