0 0.67265625 0.79375 0.0296875 0.06875
0 0.62109375 0.77421875 0.0328125 0.0703125
0 0.7390625 0.61953125 0.021875 0.0515625
0 0.615625 0.921875 0.0375 0.078125
0 0.89375 0.6171875 0.01875 0.040625
0 0.6828125 0.621875 0.025 0.05
0 0.57109375 0.9703125 0.0453125 0.05625
0 0.55625 0.57890625 0.028125 0.0390625
0 0.62421875 0.60546875 0.0234375 0.0484375
0 0.834375 0.5484375 0.021875 0.04375
0 0.3328125 0.790625 0.053125 0.078125
0 0.19140625 0.89765625 0.040625 0.0859375
0 0.7640625 0.565625 0.01875 0.04375
0 0.7421875 0.53828125 0.015625 0.0296875
0 0.95703125 0.59375 0.0703125 0.040625
0 0.846875 0.621875 0.025 0.046875
0 0.96015625 0.6015625 0.0359375 0.05