0 0.87421875 0.78984375 0.0359375 0.0765625
0 0.26484375 0.9625 0.0421875 0.071875
0 0.55703125 0.578125 0.0265625 0.04375
0 0.75625 0.66484375 0.028125 0.0515625
0 0.70625 0.68671875 0.03125 0.0578125
0 0.196875 0.89609375 0.04375 0.0859375
0 0.95390625 0.5984375 0.0296875 0.053125
0 0.78203125 0.49609375 0.0171875 0.0328125
0 0.83984375 0.546875 0.0203125 0.040625
0 0.34921875 0.7828125 0.0421875 0.078125
0 0.63828125 0.6609375 0.0328125 0.059375
0 0.78046875 0.59375 0.0171875 0.040625
0 0.71640625 0.6328125 0.0234375 0.04375
0 0.38984375 0.959375 0.0484375 0.078125
0 0.90234375 0.5484375 0.0203125 0.04375
0 0.75625 0.48125 0.0171875 0.0390625
0 0.82578125 0.4953125 0.0203125 0.0359375