4 0.16796875 0.3265625 0.2953125 0.346875
4 0.296875 0.16015625 0.16875 0.2484375
4 0.625 0.1421875 0.08125 0.1125
4 0.3578125 0.046875 0.065625 0.09375
4 0.459375 0.23984375 0.15625 0.1453125
4 0.46171875 0.11640625 0.1265625 0.1109375
1 0.54453125 0.03203125 0.0546875 0.0640625
4 0.9421875 0.859375 0.1125 0.278125
4 0.4390625 0.06328125 0.09375 0.0953125
3 0.80625 0.2921875 0.034375 0.0625
3 0.84765625 0.4046875 0.0484375 0.096875
3 0.89765625 0.5515625 0.0640625 0.121875
3 0.6359375 0.2546875 0.034375 0.0640625
3 0.75078125 0.39765625 0.0484375 0.0859375
3 0.77265625 0.26015625 0.0375 0.0640625
3 0.571875 0.109375 0.01875 0.028125
3 0.93046875 0.465625 0.059375 0.103125
3 0.72421875 0.27421875 0.0359375 0.05
3 0.67421875 0.27890625 0.0328125 0.0640625
3 0.721875 0.34296875 0.04375 0.075
3 0.69921875 0.21015625 0.0296875 0.0421875
3 0.85390625 0.334375 0.0453125 0.05625
4 0.4625 0.48203125 0.234375 0.3546875
2 0.56953125 0.07421875 0.0484375 0.0453125