4 0.265625 0.1890625 0.184375 0.2421875
4 0.08203125 0.62734375 0.1640625 0.5984375
4 0.3421875 0.07890625 0.0953125 0.153125
4 0.4671875 0.0703125 0.075 0.096875
4 0.46171875 0.26171875 0.209375 0.2953125
4 0.36328125 0.690625 0.4640625 0.615625
3 0.859375 0.4640625 0.053125 0.10625
3 0.71015625 0.19140625 0.034375 0.0484375
3 0.82734375 0.340625 0.04375 0.078125
3 0.771875 0.3453125 0.046875 0.078125
3 0.7796875 0.27734375 0.03125 0.0484375
3 0.75234375 0.29296875 0.0296875 0.0546875
3 0.79140625 0.17890625 0.028125 0.046875