4 0.14609375 0.52734375 0.2921875 0.6859375
4 0.4421875 0.5328125 0.3375 0.690625
4 0.32421875 0.1359375 0.0796875 0.10625
4 0.4671875 0.1578125 0.128125 0.084375
4 0.5796875 0.05703125 0.0859375 0.1015625
4 0.4671875 0.078125 0.109375 0.0859375
3 0.80859375 0.390625 0.0453125 0.0875
3 0.753125 0.23515625 0.028125 0.0484375
3 0.62109375 0.15703125 0.0234375 0.0421875
3 0.6515625 0.19609375 0.03125 0.0453125
3 0.67421875 0.1765625 0.0234375 0.040625
3 0.79375 0.2859375 0.04375 0.065625
3 0.7046875 0.228125 0.028125 0.04375
3 0.73515625 0.3046875 0.0421875 0.071875
3 0.584375 0.15625 0.021875 0.0453125
3 0.72421875 0.19765625 0.0328125 0.053125
3 0.821875 0.3296875 0.034375 0.05
3 0.67578125 0.31640625 0.0390625 0.0765625
3 0.6046875 0.1265625 0.015625 0.025
4 0.33984375 0.08515625 0.0984375 0.1421875