1 0.74453125 0.29453125 0.1015625 0.1421875
2 0.615625 0.32890625 0.06875 0.0640625
2 0.7359375 0.61328125 0.153125 0.1515625
2 0.85234375 0.2390625 0.0234375 0.034375
2 0.86328125 0.26875 0.0203125 0.046875
4 0.20859375 0.7609375 0.4171875 0.475
4 0.75 0.39140625 0.103125 0.1515625
4 0.6453125 0.2359375 0.075 0.134375
4 0.17421875 0.3390625 0.2640625 0.24375
4 0.67890625 0.20078125 0.0484375 0.0703125
4 0.94921875 0.3609375 0.0921875 0.125
1 0.84609375 0.2046875 0.0546875 0.071875
1 0.92109375 0.28203125 0.1015625 0.1296875
4 0.45390625 0.190625 0.046875 0.0703125
4 0.88984375 0.22734375 0.053125 0.0625
4 0.98671875 0.53125 0.0234375 0.18125
4 0.7578125 0.23359375 0.078125 0.04375
4 0.7421875 0.1796875 0.0484375 0.06875
4 0.36484375 0.27265625 0.1 0.09375
4 0.334375 0.23359375 0.09375 0.1125
4 0.821875 0.190625 0.0390625 0.0546875