4 0.059375 0.81640625 0.11875 0.3640625
4 0.6875 0.303125 0.171875 0.240625
4 0.0984375 0.56796875 0.153125 0.2265625
4 0.24453125 0.284375 0.1046875 0.15
4 0.44921875 0.23828125 0.1140625 0.1265625
4 0.5453125 0.159375 0.08125 0.1
4 0.28046875 0.196875 0.0796875 0.10625
4 0.84140625 0.5734375 0.3171875 0.696875
4 0.42265625 0.13359375 0.0703125 0.0734375
4 0.51171875 0.13359375 0.0546875 0.0796875
1 0.575 0.67890625 0.40625 0.6390625
3 0.01328125 0.49921875 0.0265625 0.0828125
3 0.18515625 0.26328125 0.0265625 0.0515625
3 0.065625 0.40703125 0.040625 0.0703125
3 0.23203125 0.16640625 0.0171875 0.0328125