4 0.490625 0.3921875 0.209375 0.25625
4 0.8890625 0.70234375 0.21875 0.5921875
4 0.5984375 0.2109375 0.15625 0.21875
4 0.46796875 0.06875 0.0609375 0.08125
4 0.4390625 0.20234375 0.084375 0.1140625
4 0.41328125 0.08984375 0.0640625 0.0921875
1 0.1296875 0.53515625 0.259375 0.3703125
1 0.253125 0.2265625 0.128125 0.165625
3 0.14609375 0.31015625 0.0328125 0.0546875
3 0.0171875 0.43359375 0.034375 0.0859375
2 0.50703125 0.15859375 0.0359375 0.0453125
2 0.240625 0.36875 0.090625 0.096875
1 0.303125 0.11640625 0.065625 0.0890625
4 0.4140625 0.153125 0.065625 0.075