3 0.21171875 0.25546875 0.0140625 0.0359375
1 0.7484375 0.38515625 0.1375 0.2140625
4 0.7375 0.1546875 0.0421875 0.028125
2 0.54296875 0.4796875 0.1171875 0.103125
2 0.88515625 0.28671875 0.0296875 0.0421875
4 0.60390625 0.3171875 0.1296875 0.20625
4 0.725 0.59296875 0.178125 0.2609375
4 0.14140625 0.29140625 0.0921875 0.0890625
4 0.74765625 0.2125 0.0703125 0.090625
4 0.69140625 0.24921875 0.0671875 0.0921875
4 0.8390625 0.21484375 0.046875 0.0609375
1 0.95 0.36171875 0.096875 0.184375
4 0.8109375 0.18671875 0.034375 0.0453125
4 0.65703125 0.19453125 0.0609375 0.0421875
4 0.97890625 0.5203125 0.0390625 0.20625
4 0.76171875 0.27734375 0.1015625 0.0453125
4 0.37890625 0.25390625 0.1328125 0.140625
4 0.8765625 0.23828125 0.071875 0.0875
2 0.28125 0.24296875 0.025 0.0578125
4 0.6890625 0.18359375 0.040625 0.0421875
4 0.9328125 0.303125 0.08125 0.134375
4 0.47265625 0.225 0.0546875 0.05625
4 0.3078125 0.25 0.0546875 0.115625