0 0.51328125 0.89140625 0.0484375 0.0859375
0 0.19296875 0.89296875 0.0328125 0.0828125
0 0.75 0.7984375 0.028125 0.059375
0 0.26875 0.84609375 0.034375 0.0765625
0 0.5640625 0.7875 0.03125 0.071875
0 0.1328125 0.58984375 0.03125 0.0484375
0 0.64609375 0.65625 0.0328125 0.05625
0 0.51796875 0.703125 0.0296875 0.0625
0 0.5796875 0.628125 0.021875 0.046875
0 0.6859375 0.6421875 0.021875 0.046875
0 0.353125 0.62578125 0.021875 0.0515625
0 0.4265625 0.628125 0.021875 0.05
0 0.5625 0.55390625 0.01875 0.0390625
0 0.8640625 0.765625 0.03125 0.06875
0 0.1796875 0.59296875 0.05 0.0453125
0 0.425 0.5265625 0.015625 0.034375
0 0.33203125 0.4984375 0.01875 0.0359375
0 0.3625 0.496875 0.01875 0.034375
0 0.4609375 0.53515625 0.01875 0.0359375
0 0.2390625 0.58359375 0.0296875 0.05
0 0.2734375 0.59453125 0.01875 0.0421875
0 0.053125 0.5828125 0.071875 0.040625
0 0.2921875 0.75234375 0.021875 0.0546875
0 0.29921875 0.5875 0.025 0.046875
0 0.0578125 0.55078125 0.0484375 0.034375