4 0.84375 0.53125 0.309375 0.50625
4 0.5546875 0.1671875 0.128125 0.175
4 0.68984375 0.3296875 0.1703125 0.23125
4 0.2046875 0.384375 0.178125 0.259375
4 0.27890625 0.2015625 0.1 0.121875
4 0.96953125 0.746875 0.0578125 0.503125
4 0.4484375 0.2453125 0.146875 0.2125
2 0.2875 0.30703125 0.075 0.1140625
4 0.49375 0.37734375 0.209375 0.1640625
4 0.603125 0.6671875 0.421875 0.528125
4 0.415625 0.10234375 0.06875 0.0828125
1 0.1046875 0.63671875 0.209375 0.5984375
3 0.19140625 0.24296875 0.0234375 0.0328125
3 0.22265625 0.1765625 0.0171875 0.025