2 0.81640625 0.04296875 0.0328125 0.0359375
2 0.83046875 0.05390625 0.0296875 0.0328125
4 0.55546875 0.23046875 0.1984375 0.3046875
4 0.134375 0.184375 0.26875 0.26875
4 0.2359375 0.65 0.471875 0.696875
4 0.7109375 0.39140625 0.20625 0.2921875
1 0.6390625 0.11015625 0.096875 0.1375
4 0.64375 0.0296875 0.0953125 0.0546875
4 0.75 0.02578125 0.075 0.0515625
4 0.94453125 0.175 0.1109375 0.209375
1 0.90234375 0.08359375 0.0828125 0.1015625
4 0.1109375 0.10078125 0.221875 0.1421875
4 0.7734375 0.2125 0.1375 0.23125
4 0.34453125 0.09609375 0.1328125 0.1296875
4 0.759375 0.10390625 0.10625 0.1109375
4 0.9828125 0.28359375 0.03125 0.1578125