0 0.61015625 0.8609375 0.0359375 0.08125
0 0.915625 0.83515625 0.034375 0.0796875
0 0.8375 0.87265625 0.03125 0.0671875
0 0.30390625 0.8140625 0.0359375 0.075
0 0.54375 0.78203125 0.03125 0.0734375
0 0.13359375 0.58984375 0.0296875 0.0484375
0 0.3625 0.6671875 0.025 0.059375
0 0.6125 0.65390625 0.025 0.0484375
0 0.246875 0.61640625 0.028125 0.0515625
0 0.70859375 0.68359375 0.0265625 0.0515625
0 0.5640625 0.5546875 0.01875 0.0375
0 0.34375 0.50703125 0.021875 0.04375
0 0.36875 0.51015625 0.01875 0.0359375
0 0.6875 0.64375 0.021875 0.04375
0 0.20234375 0.60703125 0.0234375 0.0453125
0 0.5140625 0.63671875 0.021875 0.0515625
0 0.27578125 0.5265625 0.0171875 0.0375
0 0.4765625 0.671875 0.028125 0.05625
0 0.053125 0.5828125 0.071875 0.040625
0 0.28515625 0.6109375 0.0265625 0.05
0 0.22265625 0.521875 0.0171875 0.034375
0 0.17890625 0.59453125 0.0265625 0.0484375
0 0.44765625 0.53671875 0.0265625 0.0484375