2 0.3828125 0.65 0.18125 0.15
2 0.0890625 0.27578125 0.078125 0.0671875
2 0.975 0.48515625 0.046875 0.1328125
2 0.834375 0.2015625 0.0375 0.040625
2 0.7984375 0.14921875 0.021875 0.0234375
2 0.82109375 0.18828125 0.0359375 0.0359375
4 0.95625 0.34296875 0.084375 0.1421875
4 0.5828125 0.3265625 0.1125 0.146875
4 0.75234375 0.34921875 0.1390625 0.2078125
4 0.4015625 0.16875 0.084375 0.096875
4 0.21484375 0.29921875 0.2328125 0.21875
4 0.3 0.2015625 0.109375 0.109375
2 0.91875 0.3046875 0.0625 0.08125
1 0.896875 0.22578125 0.09375 0.1140625
4 0.734375 0.7640625 0.409375 0.46875
4 0.72109375 0.45546875 0.1609375 0.1734375
4 0.74921875 0.21640625 0.0578125 0.0625
4 0.73671875 0.1546875 0.0453125 0.059375
4 0.75234375 0.17265625 0.0484375 0.0234375
4 0.52109375 0.240625 0.1 0.15625
4 0.65625 0.24609375 0.10625 0.1515625