4 0.765625 0.4125 0.1875 0.228125
4 0.0859375 0.64453125 0.171875 0.4015625
4 0.928125 0.69765625 0.140625 0.6015625
4 0.6390625 0.278125 0.115625 0.146875
4 0.47421875 0.3703125 0.1921875 0.278125
4 0.2796875 0.27578125 0.103125 0.1484375
4 0.18359375 0.38203125 0.1703125 0.2171875
4 0.578125 0.2046875 0.096875 0.11875
4 0.4421875 0.184375 0.121875 0.109375
1 0.04765625 0.36796875 0.0953125 0.1734375
2 0.55390625 0.62578125 0.1953125 0.2515625
3 0.1109375 0.2984375 0.03125 0.05
3 0.18828125 0.25859375 0.0265625 0.0390625