0 0.4296875 0.8796875 0.08125 0.171875
0 0.509375 0.2140625 0.034375 0.06875
0 0.85546875 0.490625 0.0453125 0.1
0 0.59921875 0.884375 0.0828125 0.165625
0 0.91875 0.37421875 0.046875 0.0890625
0 0.6296875 0.39140625 0.046875 0.0890625
0 0.44609375 0.35234375 0.0484375 0.0859375
0 0.53828125 0.38984375 0.0390625 0.0890625
0 0.7140625 0.18828125 0.025 0.0578125
0 0.8859375 0.1265625 0.021875 0.046875
0 0.37890625 0.43203125 0.0390625 0.0734375
0 0.9609375 0.2609375 0.053125 0.075
0 0.29140625 0.04296875 0.0234375 0.0484375
0 0.43671875 0.21953125 0.0265625 0.0578125
0 0.80625 0.1265625 0.025 0.05
0 0.7046875 0.08359375 0.021875 0.0484375
0 0.77265625 0.25625 0.0296875 0.06875
0 0.77578125 0.0390625 0.0359375 0.04375
0 0.74375 0.39375 0.04375 0.090625
0 0.540625 0.1015625 0.021875 0.053125
0 0.7453125 0.14296875 0.028125 0.0734375
0 0.5609375 0.10703125 0.025 0.0484375
0 0.41875 0.1703125 0.01875 0.0625
0 0.6625 0.2546875 0.0375 0.0734375