4 0.5140625 0.4515625 0.159375 0.240625
4 0.59609375 0.2984375 0.0828125 0.146875
4 0.14296875 0.5890625 0.2359375 0.359375
4 0.81328125 0.51171875 0.3703125 0.6171875
4 0.26953125 0.22734375 0.1078125 0.1328125
4 0.21953125 0.328125 0.1140625 0.16875
4 0.51484375 0.12578125 0.0859375 0.1171875
2 0.54921875 0.2046875 0.0734375 0.071875
4 0.4234375 0.16171875 0.0703125 0.1078125
2 0.30703125 0.15703125 0.0453125 0.0453125
3 0.0296875 0.496875 0.053125 0.0875
3 0.1421875 0.35078125 0.028125 0.0578125
3 0.071875 0.4328125 0.040625 0.071875
3 0.07578125 0.36171875 0.0421875 0.0484375
3 0.03671875 0.409375 0.0328125 0.053125