4 0.45703125 0.40703125 0.2609375 0.5015625
1 0.3984375 0.8671875 0.496875 0.2625
4 0.16015625 0.4359375 0.3203125 0.55625
4 0.72109375 0.31796875 0.1671875 0.1984375
4 0.84296875 0.58359375 0.3125 0.678125
4 0.61640625 0.109375 0.1140625 0.128125
4 0.628125 0.1625 0.084375 0.103125
4 0.29375 0.16796875 0.140625 0.1921875
4 0.3328125 0.109375 0.115625 0.15625
4 0.46015625 0.1125 0.1328125 0.109375
3 0.79609375 0.22265625 0.0328125 0.0546875
3 0.71484375 0.18359375 0.028125 0.046875
4 0.4609375 0.03359375 0.090625 0.0578125
2 0.39375 0.69140625 0.259375 0.1078125
2 0.64375 0.2359375 0.078125 0.075
2 0.146875 0.03359375 0.078125 0.0296875