4 0.8671875 0.63515625 0.2625 0.5765625
4 0.45625 0.73125 0.259375 0.403125
4 0.146875 0.4859375 0.29375 0.615625
4 0.47890625 0.23359375 0.1671875 0.3203125
4 0.61328125 0.12578125 0.0734375 0.1046875
4 0.3140625 0.1015625 0.090625 0.11875
4 0.35078125 0.059375 0.0765625 0.11875
4 0.4515625 0.0296875 0.059375 0.059375
3 0.80546875 0.284375 0.0390625 0.065625
1 0.6875 0.20859375 0.1625 0.1890625
1 0.55390625 0.03046875 0.0578125 0.0578125
2 0.29609375 0.17734375 0.0765625 0.0890625
2 0.57421875 0.08515625 0.0484375 0.0546875