4 0.6609375 0.275 0.221875 0.30625
4 0.50546875 0.66953125 0.4828125 0.6421875
4 0.45625 0.26875 0.09375 0.1375
4 0.225 0.38515625 0.14375 0.2203125
4 0.4859375 0.0921875 0.065625 0.0875
4 0.29140625 0.1796875 0.0828125 0.103125
4 0.5375 0.20625 0.0375 0.1
2 0.88359375 0.66328125 0.2296875 0.2109375
4 0.26328125 0.24296875 0.0796875 0.1171875
2 0.5140625 0.15546875 0.05625 0.0546875
4 0.41796875 0.1234375 0.0578125 0.08125
3 0.0109375 0.4609375 0.021875 0.09375
3 0.121875 0.64765625 0.0625 0.1140625
3 0.04921875 0.353125 0.0359375 0.0625
3 0.134375 0.390625 0.040625 0.0625
3 0.07265625 0.46328125 0.0421875 0.0671875
3 0.153125 0.25 0.021875 0.040625
3 0.04609375 0.53671875 0.0578125 0.0765625
3 0.19609375 0.26015625 0.0234375 0.0421875
3 0.05546875 0.621875 0.0640625 0.1125